#YY	XX	wav	flux		flux_err	fwhm		vel
149	142	6576.60	0.062670892	456.47258	392.52607	0.0000000
150	142	6553.00	0.49018397	1811.6654	-237.86544	289.84187
151	142	6576.60	0.058150230	391.18756 	323.61554	0.0000000
152	142	6576.80	0.028645940	394.75138	330.65600	0.0000000
153	142	6576.80	0.040103031	466.93526	401.12962	0.0000000
154	142	6576.80	0.036335176	506.20172	416.35129	0.0000000
155	142	6576.80	0.080224214	465.00444	356.12793	0.0000000
156	142	6576.80	0.078429969	497.54007	415.11647	0.0000000
157	142	6576.80	0.062078591	544.91395	414.57235	0.0000000
158	142	6576.80	0.10600740	523.62544	-432.22136	0.0000000
159	142	6576.80	0.11581777	486.28435	409.45722	0.0000000
160	142	6579.90	0.19986884	644.64183	375.57881	0.0000000
161	142	6579.90	0.17820306	695.38801	374.58731	0.0000000
162	142	6577.00	0.055251381	667.96499	428.11107	0.0000000
163	142	6577.00	0.072762815	751.23027	434.99931	0.0000000
164	142	6580.00	0.10241627	1081.1502	443.42621	0.0000000
165	142	6580.80	0.11820674	1227.1766	443.36488	0.0000000
166	142	6580.30	0.087505531	1228.7912	-433.61805	0.0000000
167	142	6581.00	0.083461507	1349.3358	440.87479	0.0000000
168	142	6580.50	0.060534691	1390.0640	428.83392	0.0000000
169	142	6578.70	0.033695032	1009.5502	-409.70644	0.0000000
170	142	6577.20	0.0068385304	1110.5875	468.37960	0.0000000
171	142	6577.40	0.0086626199	1099.2040	465.53080	0.0000000
172	142	0.0	0.0		0.0		0.0		0.0
173	142	0.0	0.0		0.0		0.0		0.0
174	142	6578.40	0.0074160244	1072.3126	414.48554	0.0000000
148	143	0.0	0.0		0.0		0.0		0.0
149	143	6576.00	0.046848155	393.17313	387.55719	0.0000000
150	143	6575.60	0.020605741	461.90953	-448.56608	0.0000000
151	143	6576.20	0.030241857	430.74331	426.67664	0.0000000
152	143	6576.60	0.019170076	366.44204	356.19596	0.0000000
153	143	6576.80	0.031219408	354.05719	335.21325	0.0000000
154	143	6575.80	0.074923039	335.65100	334.16619	0.0000000
155	143	6576.80	0.070062658	410.43701	391.04256	0.0000000
156	143	6579.80	0.038579253	764.73042	383.50553	0.0000000
157	143	6579.30	0.24262743	547.83147	404.10348	0.0000000
158	143	6578.30	0.11555591	511.13248	-405.21050	0.0000000
159	143	6578.80	0.18845516	511.01380	384.94891	0.0000000
160	143	6578.60	0.16575649	480.48703	364.47622	0.0000000
161	143	6577.80	0.15663381	486.54109	388.15962	0.0000000
162	143	6577.00	0.052366966	252.07181	137.86181	0.0000000
163	143	6580.00	0.13816891	848.20674	-413.86187	0.0000000
164	143	0.0	0.0		0.0		0.0		0.0
165	143	0.0	0.0		0.0		0.0		0.0
166	143	6577.00	0.073482847	791.60885	452.80244	0.0000000
167	143	6577.20	0.048236112	920.80874	449.34930	0.0000000
168	143	0.0	0.0		0.0		0.0		0.0
169	143	0.0	0.0		0.0		0.0		0.0
170	143	0.0	0.0		0.0		0.0		0.0
171	143	0.0	0.0		0.0		0.0		0.0
172	143	6577.20	0.013367138	1104.5938	511.04257	0.0000000
173	143	6577.40	0.029217774	1175.1547	488.81749	0.0000000
174	143	6578.20	0.010389157	1084.8943	444.54562	0.0000000
148	144	6575.20	0.055897003	436.21755	-491.26913	0.0000000
149	144	6575.20	0.11927023	416.65772	484.94420	0.0000000
150	144	6575.40	0.086873013	411.34094	463.60608	0.0000000
151	144	6575.60	0.052347336	392.16142	-454.76039	0.0000000
152	144	6576.20	0.059701282	378.46220	434.47332	0.0000000
153	144	6576.60	0.049251253	337.10467	379.67432	0.0000000
154	144	6576.60	0.033424801	325.34709	349.62777	0.0000000
155	144	6576.80	0.076802037	244.42268	252.23891	0.0000000
156	144	6576.80	0.11341081	330.38029	364.67199	0.0000000
157	144	6579.80	0.23529660	565.79947	387.11893	0.0000000
158	144	6579.80	0.18605640	598.09551	385.21560	0.0000000
159	144	6578.80	0.27279268	388.55226	373.73638	0.0000000
160	144	6578.80	0.18366628	396.61808	338.50791	0.0000000
161	144	6577.70	0.12315702	215.63458	187.36654	0.0000000
162	144	6577.00	0.071030059	264.37065	205.78349	0.0000000
163	144	6577.80	0.13359664	545.70783	422.40896	0.0000000
164	144	6579.50	0.13702939	864.77472	-486.58045	0.0000000
165	144	0.0	0.0		0.0		0.0		0.0
166	144	6577.20	0.070670373	835.11596	440.67861	0.0000000
167	144	6577.20	0.023991393	552.52633	260.69573	0.0000000
168	144	6577.20	0.026906829	887.08175	431.70359	0.0000000
169	144	6577.20	0.022350538	995.36038	478.91602	0.0000000
170	144	6577.20	0.043923695	908.66922	474.18822	0.0000000
171	144	6577.40	0.039570247	929.58529	471.24848	0.0000000
172	144	0.0	0.0		0.0		0.0		0.0
173	144	6578.40	0.011527914	1131.6203	463.03508	0.0000000
174	144	6578.00	0.0011933824	1166.6606	447.21550	0.0000000
148	145	6575.00	0.11401722	350.09088	-460.59392	0.0000000
149	145	6579.00	0.13161960	597.74116	461.28019	0.0000000
150	145	6578.00	0.092494687	530.80915	461.53828	0.0000000
151	145	6579.90	0.082603757	728.29310	-460.83506	0.0000000
152	145	6580.10	0.068646874	699.69655	455.27145	0.0000000
153	145	6578.50	0.14268036	131.75160	180.56930	0.0000000
154	145	6576.20	0.054343460	330.65027	415.34455	0.0000000
155	145	6576.60	0.046016674	337.19591	381.13079	0.0000000
156	145	6578.80	0.13320062	347.25587	327.49822	0.0000000
157	145	6578.30	0.11671134	396.11613	384.66734	0.0000000
158	145	6578.60	0.13123671	321.87126	322.52977	0.0000000
159	145	6577.30	0.067031606	208.44278	219.10646	0.0000000
160	145	6577.80	0.15446092	199.42446	208.25869	0.0000000
161	145	6567.80	1.6234455e-11	14.787828	1.8630179	0.0000000
162	145	0.0	0.0		0.0		0.0		0.0
163	145	6580.00	0.31306931	531.36147	-405.37289	0.0000000
164	145	6580.00	0.24974090	678.52302	432.54695	0.0000000
165	145	6580.50	0.19017322	815.72740	445.39576	0.0000000
166	145	6580.20	0.15658774	812.38845	432.91500	0.0000000
167	145	6578.20	0.053177489	788.02676	436.08035	0.0000000
168	145	6576.80	0.054459502	713.35340	-426.68256	0.0000000
169	145	6576.80	0.054821232	842.09977	469.05744	0.0000000
170	145	0.0	0.0		0.0		0.0		0.0
171	145	0.0	0.0		0.0		0.0		0.0
172	145	6577.40	0.059126021	840.08998	480.68242	0.0000000
173	145	6577.40	0.040439410	951.53616	467.94178	0.0000000
174	145	6578.60	4.1782673e-09	585.18188	433.65658	0.0000000
148	146	6580.30	0.083658340	496.37565	439.54488	0.0000000
149	146	6579.20	0.11856331	438.26471	-298.84848	0.0000000
150	146	0.0	0.0		0.0		0.0		0.0
151	146	6580.00	0.0047500924	649.96057	452.28063	0.0000000
152	146	6580.20	7.4515259e-06	450.83062	-315.42521	0.0000000
153	146	6580.40	5.0109978e-08	431.55177	-456.19516	0.0000000
154	146	6580.60	1.3068189e-08	193.93107	451.35509	0.0000000
155	146	6579.20	0.044226126	525.93669	430.82521	0.0000000
156	146	6579.60	0.087795083	519.91433	407.57447	0.0000000
157	146	6579.80	0.17043084	539.28529	394.78991	0.0000000
158	146	6577.90	0.16526027	303.99380	384.55279	0.0000000
159	146	6577.80	0.25459627	165.13251	235.99188	0.0000000
160	146	6577.80	0.24658217	165.91183	215.64394	0.0000000
161	146	6581.30	0.17867647	167.49642	111.92696	0.0000000
162	146	6578.00	0.16875663	194.69679	201.45252	0.0000000
163	146	6579.50	0.34588553	455.08630	-412.44635	0.0000000
164	146	0.0	0.0		0.0		0.0		0.0
165	146	6577.00	0.097047371	540.66479	444.22892	0.0000000
166	146	6577.20	0.044617215	588.80936	-394.56730	0.0000000
167	146	0.0	0.0		0.0		0.0		0.0
168	146	6577.20	0.036957488	630.17334	-372.45750	0.0000000
169	146	6577.20	0.042528711	833.29751	463.48033	0.0000000
170	146	6577.20	0.011839854	928.22919	463.70162	0.0000000
171	146	6577.40	0.063550258	807.23102	471.68200	0.0000000
172	146	6577.40	0.060642091	807.41035	469.55118	0.0000000
173	146	6577.40	1.8666754e-09	208.09425	484.47717	0.0000000
174	146	6577.80	8.7912207e-09	818.52749	466.52823	0.0000000
148	147	0.0	0.0		0.0		0.0		0.0
149	147	0.0	0.0		0.0		0.0		0.0
150	147	0.0	0.0		0.0		0.0		0.0
151	147	0.0	0.0		0.0		0.0		0.0
152	147	0.0	0.0		0.0		0.0		0.0
153	147	0.0	0.0		0.0		0.0		0.0
154	147	0.0	0.0		0.0		0.0		0.0
155	147	0.0	0.0		0.0		0.0		0.0
156	147	0.0	0.0		0.0		0.0		0.0
157	147	0.0	0.0		0.0		0.0		0.0
158	147	0.0	0.0		0.0		0.0		0.0
159	147	6576.80	0.10512264	224.92860	337.11324	0.0000000
160	147	6576.80	0.093941294	242.60155	330.39426	0.0000000
161	147	6576.80	1.2969521e-05	0.41944230	0.023486480	0.0000000
162	147	6576.80	0.11786688	206.71358	232.31463	0.0000000
163	147	6579.00	0.20403702	451.20616	407.42416	0.0000000
164	147	6579.90	0.27673996	581.82590	433.79143	0.0000000
165	147	6578.00	0.11051490	499.45287	454.37034	0.0000000
166	147	6577.20	0.066711948	551.18706	-444.43423	0.0000000	
167	147	6577.20	0.029929902	638.70216	448.72286	0.0000000
168	147	6577.20	0.0058768039	765.31306	456.11604	0.0000000
169	147	0.0	0.0		0.0		0.0		0.0
170	147	6577.40	1.1790847e-08	540.00864	466.29450	0.0000000
171	147	6577.40	0.0056620867	765.24267	469.83937	0.0000000
172	147	6577.40	0.023850777	878.46655	460.99177	0.0000000
173	147	6577.60	0.023591510	761.79720	483.47058	0.0000000
174	147	6578.40	7.6116364e-09	526.08557	454.39882	0.0000000
148	148	6579.20	0.42409208	345.73126	453.56659	0.0000000
149	148	6579.30	0.46486389	350.57854	451.60071	0.0000000
150	148	6579.30	0.33782762	407.16667	447.71996	0.0000000
151	148	0.0	0.0		0.0		0.0		0.0
152	148	0.0	0.0		0.0		0.0		0.0
153	148	0.0	0.0		0.0		0.0		0.0
154	148	6579.80	0.16607452	506.50406	455.79382	0.0000000
155	148	6580.20	2.6500404e-08	119.26754	453.42720	0.0000000
156	148	6580.60	3.5351612e-08	229.75819	427.89108	0.0000000
157	148	6580.60	9.8781595e-09	94.509546	438.08444	0.0000000
158	148	6580.80	0.016789920	518.26342	412.06934	0.0000000
159	148	6579.20	0.25233997	331.84974	406.61027	0.0000000
160	148	6579.20	0.13103381	419.40638	-428.61704	0.0000000
161	148	6579.30	0.18089367	351.70545	366.89048	0.0000000
162	148	6580.30	0.73130765	374.90073	-354.01736	0.0000000
163	148	6580.00	0.44569432	522.41587	429.29091	0.0000000
164	148	6580.00	0.31652942	644.94865	434.32834	0.0000000
165	148	6581.00	0.44400763	1061.3964	364.50619	0.0000000
166	148	6581.20	0.055659146	206.00284	83.062671	0.0000000
167	148	6580.20	0.11060582	964.90480	466.80489	0.0000000
168	148	6581.20	0.044137899	200.63363	79.718775	0.0000000
169	148	6581.20	0.034014999	174.36533	68.449493	0.0000000
170	148	6581.30	0.030177588	152.86313	66.859826	0.0000000
171	148	6581.20	0.034380194	146.37984	68.949182	0.0000000
172	148	6581.20	0.052347695	179.71303	78.263476	0.0000000








