7.594408  	8.319797 
7.462199  	8.231033 
7.331226  	8.288225 
7.201556  	8.306789 
7.073262  	8.046408 
6.946419  	8.009276 
6.821110  	8.294674 
6.697418  	8.275300 
6.575437  	8.313338 
6.455262  	8.198502 
6.336997  	7.990173 
6.220751  	8.294651 
6.106639  	8.403691 
5.994782  	8.308142 
5.885310  	8.210705 
5.778357  	7.983473 
5.674067  	7.855310 
5.572589  	7.604291 
5.474079  	8.208652 
5.378700  	8.199827 
5.286622  	8.101016 
5.198020  	8.321223 
5.113075  	8.501328 
5.031972  	8.188860 
4.954900  	8.204793 
4.882050  	8.274301 
4.813613  	8.590052 
4.749780  	8.285042 
4.690740  	8.349256 
4.636674  	8.311669 
4.587760  	8.267099 
4.544163  	8.317853 
4.506037  	8.394312 
4.473524  	8.433530 
4.446745  	8.345184 
4.425805  	8.287088 
4.410787  	8.295912 
4.401751  	8.387360 
4.398735  	8.449525 
4.401751  	8.331100 
4.410787  	8.453683 
4.425805  	8.366457 
4.446745  	8.333327 
4.473524  	8.315972 
4.506037  	8.351028 
4.544163  	8.410678 
4.587760  	8.460380 
4.636674  	8.347063 
4.690740  	8.376452 
4.749780  	8.417382 
4.813613  	8.511372 
4.882050  	8.457821 
4.954900  	8.491779 
5.031972  	8.423474 
5.113075  	8.427164 
5.198020  	8.466155 
5.286622  	8.366086 
5.378700  	8.376091 
5.474079  	8.307334 
5.572589  	8.241930 
5.674067  	8.298034 
5.778357  	8.266818 
7.501222  	7.970370 
7.367340  	7.985396 
7.234650  	8.206056 
7.103218  	8.284713 
6.973115  	8.141242 
6.844416  	8.142773 
6.717204  	8.283069 
6.591563  	8.077030 
6.467585  	8.293222 
6.345369  	8.242906 
6.225016  	7.893323 
6.106639  	8.006862 
5.990353  	8.189339 
5.876283  	8.256160 
5.764561  	8.126013 
5.655325  	7.833509 
5.548723  	8.222976 
5.444909  	8.157474 
5.344046  	8.204858 
5.246304  	8.187977 
5.151860  	8.262661 
5.060900  	8.299930 
4.973613  	8.297124 
4.890198  	8.271754 
4.810855  	8.457478 
4.735790  	8.418930 
4.665208  	8.363712 
4.599316  	8.374519 
4.538318  	8.347029 
4.482414  	8.343777 
4.431798  	8.512395 
4.386651  	8.270574 
4.347144  	8.353054 
4.313433  	8.340170 
4.285654  	8.252175 
4.263923  	8.250575 
4.248333  	8.305230 
4.238951  	8.336294 
4.235819  	8.315495 
4.238951  	8.328640 
4.248333  	8.426326 
4.263923  	8.346219 
4.285654  	8.330309 
4.313433  	8.349105 
4.347144  	8.322224 
4.386651  	8.328900 
4.431798  	8.394360 
4.482414  	8.404435 
4.538318  	8.445912 
4.599316  	8.432918 
4.665208  	8.426364 
4.735790  	8.445682 
4.810855  	8.440597 
4.890198  	8.460562 
4.973613  	8.470338 
5.060900  	8.342655 
5.151860  	8.307316 
5.246304  	8.439297 
5.344046  	8.235179 
5.444909  	8.460249 
5.548723  	8.310390 
5.655325  	8.320988 
7.410445  	8.189270 
7.274894  	8.260399 
7.140486  	8.182837 
7.007287  	8.234230 
6.875369  	8.214567 
6.744806  	8.481769 
6.615679  	8.038467 
6.488072  	8.099639 
6.362078  	8.246524 
6.237794  	8.153628 
6.115325  	8.265369 
5.994782  	8.254623 
5.876283  	8.125417 
5.759955  	8.202729 
5.645931  	8.087709 
5.534354  	8.118554 
5.425376  	8.228901 
5.319155  	8.240844 
5.215861  	8.261370 
5.115670  	8.240314 
5.018769  	8.273104 
4.925351  	8.296306 
4.835618  	8.309817 
4.749780  	8.313582 
4.668052  	8.338237 
4.590651  	8.406917 
4.517802  	8.335086 
4.449728  	8.327324 
4.386651  	8.359335 
4.328789  	8.317244 
4.276354  	8.313967 
4.229549  	8.312161 
4.188561  	8.341872 
4.153562  	8.358497 
4.124707  	8.302030 
4.102123  	8.409329 
4.085916  	8.414275 
4.076160  	8.332243 
4.072903  	8.348904 
4.076160  	8.326586 
4.085916  	8.369962 
4.102123  	8.400162 
4.124707  	8.384600 
4.153562  	8.386712 
4.188561  	8.381525 
4.229549  	8.451425 
4.276354  	8.392843 
4.328789  	8.426196 
4.386651  	8.412991 
4.449728  	8.420830 
4.517802  	8.419712 
4.590651  	8.505303 
4.668052  	8.426940 
4.749780  	8.413131 
4.835618  	8.427550 
4.925351  	8.384684 
5.018769  	8.343166 
5.115670  	8.305452 
5.215861  	8.371593 
5.319155  	8.251371 
5.425376  	8.435063 
5.534354  	8.372652 
7.322169  	8.227029 
7.184952  	8.169179 
7.048829  	8.114811 
6.913865  	8.258155 
6.780130  	8.266807 
6.647697  	8.210199 
6.516645  	8.253596 
6.387060  	8.227735 
6.259033  	8.416003 
6.132661  	8.239856 
6.008050  	8.172291 
5.885310  	8.352476 
5.764561  	8.144882 
5.645931  	8.081824 
5.529557  	8.220590 
5.415583  	8.293593 
5.304165  	8.082865 
5.195466  	8.232022 
5.089662  	7.946003 
4.986937  	8.257898 
4.887484  	8.251084 
4.791507  	8.295339 
4.699219  	8.274700 
4.610843  	8.305236 
4.526606  	8.322183 
4.446745  	8.384454 
4.371498  	8.359328 
4.301109  	8.316722 
4.235819  	8.345287 
4.175868  	8.301131 
4.121488  	8.338895 
4.072903  	8.333539 
4.030322  	8.372387 
3.993938  	8.389380 
3.963920  	8.317774 
3.940415  	8.343411 
3.923540  	8.305548 
3.913380  	8.303354 
3.909987  	8.360500 
3.913380  	8.405618 
3.923540  	8.355495 
3.940415  	8.348680 
3.963920  	8.407764 
3.993938  	8.579209 
4.030322  	8.408644 
4.072903  	8.388262 
4.121488  	8.413164 
4.175868  	8.381692 
4.235819  	8.399619 
4.301109  	8.424521 
4.371498  	8.418370 
4.446745  	8.440559 
4.526606  	8.409058 
4.610843  	8.421783 
4.699219  	8.384023 
4.791507  	8.401587 
4.887484  	8.379885 
4.986937  	8.265499 
5.089662  	8.284160 
5.195466  	8.215953 
5.304165  	8.352705 
5.415583  	8.349054 
7.236484  	8.427061 
7.097611  	8.150691 
6.959780  	8.269979 
6.823055  	8.220925 
6.687503  	8.274166 
6.553199  	8.198905 
6.420218  	8.230625 
6.288647  	8.209242 
6.158574  	8.002713 
6.030098  	8.212133 
5.903321  	8.221678 
5.778357  	8.383128 
5.655325  	8.218389 
5.534354  	8.278244 
5.415583  	8.306216 
5.299158  	8.241176 
5.185239  	8.292523 
5.073994  	8.275689 
4.965602  	8.350154 
4.860255  	8.310073 
4.758155  	8.264911 
4.659515  	8.289340 
4.564560  	8.300220 
4.473524  	8.302551 
4.386651  	8.342784 
4.304193  	8.391347 
4.226410  	8.366469 
4.153562  	8.349045 
4.085916  	8.315581 
4.023731  	8.305734 
3.967267  	8.296696 
3.916769  	8.377401 
3.872472  	8.322886 
3.834590  	8.340722 
3.803315  	8.313497 
3.778811  	8.327141 
3.761211  	8.346378 
3.750611  	8.380226 
3.747071  	8.430918 
3.750611  	8.374293 
3.761211  	8.419504 
3.778811  	8.445607 
3.803315  	8.412728 
3.834590  	8.430253 
3.872472  	8.425752 
3.916769  	8.413798 
3.967267  	8.414753 
4.023731  	8.400900 
4.085916  	8.429792 
4.153562  	8.374113 
4.226410  	8.521834 
4.304193  	8.390076 
4.386651  	8.424948 
4.473524  	8.368077 
4.564560  	8.440423 
4.659515  	8.401233 
4.758155  	8.302015 
4.860255  	8.343696 
4.965602  	8.300733 
5.073994  	8.230493 
5.185239  	8.321620 
5.299158  	8.346288 
7.153483  	8.295413 
7.012967  	8.261169 
6.873439  	8.023832 
6.734961  	8.164673 
6.597600  	8.174454 
6.461427  	8.188241 
6.326518  	8.060641 
6.192956  	8.082626 
6.060830  	8.267246 
5.930236  	7.980573 
5.801278  	8.257145 
5.674067  	7.888892 
5.548723  	8.249933 
5.425376  	8.277131 
5.304165  	8.256041 
5.185239  	8.254091 
5.068760  	7.993407 
4.954900  	8.267352 
4.843845  	8.300321 
4.735790  	8.294051 
4.630946  	8.280025 
4.529537  	8.313824 
4.431798  	8.400356 
4.337976  	8.356156 
4.248333  	8.386966 
4.163137  	8.399392 
4.082666  	8.414820 
4.007207  	8.414272 
3.937046  	8.373373 
3.872472  	8.332864 
3.813769  	8.348613 
3.761211  	8.410199 
3.715059  	8.354607 
3.675555  	8.417762 
3.642915  	8.385057 
3.617325  	8.326574 
3.598935  	8.351759 
3.587855  	8.403875 
3.584155  	8.411473 
3.587855  	8.393265 
3.598935  	8.434842 
3.617325  	8.434884 
3.642915  	8.406277 
3.675555  	8.431386 
3.715059  	8.412140 
3.761211  	8.467417 
3.813769  	8.389440 
3.872472  	8.408796 
3.937046  	8.431768 
4.007207  	8.394698 
4.082666  	8.455358 
4.163137  	8.535031 
4.248333  	8.427100 
4.337976  	8.381353 
4.431798  	8.409215 
4.529537  	8.354859 
4.630946  	8.325187 
4.735790  	8.287414 
4.843845  	8.232633 
4.954900  	8.230275 
5.068760  	8.366568 
5.185239  	8.319087 
7.073262  	8.301458 
6.931119  	8.237104 
6.789909  	8.229076 
6.649693  	8.256858 
6.510533  	8.417852 
6.372499  	8.178813 
6.235666  	8.240442 
6.100116  	8.096369 
5.965934  	8.008116 
5.833216  	8.311568 
5.702064  	8.293704 
5.572589  	7.936040 
5.444909  	8.152754 
5.319155  	8.209057 
5.195466  	8.270817 
5.073994  	8.217617 
4.954900  	8.210882 
4.838362  	8.250574 
4.724568  	8.274107 
4.613720  	8.295833 
4.506037  	8.330882 
4.401751  	8.268733 
4.301109  	8.326404 
4.204372  	8.353989 
4.111817  	8.380266 
4.023731  	8.378063 
3.940415  	8.399633 
3.862177  	8.376218 
3.789332  	8.383536 
3.722197  	8.388538 
3.661085  	8.380832 
3.606302  	8.387196 
3.558142  	8.318107 
3.516876  	8.334382 
3.482749  	8.373358 
3.455973  	8.365594 
3.436719  	8.378028 
3.425115  	8.382180 
3.421239  	8.436501 
3.425115  	8.384691 
3.436719  	8.407395 
3.455973  	8.389737 
3.482749  	8.400483 
3.516876  	8.420552 
3.558142  	8.417725 
3.606302  	8.421611 
3.661085  	8.398904 
3.722197  	8.407362 
3.789332  	8.420237 
3.862177  	8.448468 
3.940415  	8.440140 
4.023731  	8.509243 
4.111817  	8.483248 
4.204372  	8.386516 
4.301109  	8.338227 
4.401751  	8.476504 
4.506037  	8.345536 
4.613720  	8.411924 
4.724568  	8.355523 
4.838362  	8.516798 
4.954900  	8.278581 
5.073994  	8.264022 
6.995915  	8.436917 
6.852168  	8.053604 
6.709297  	8.195322 
6.567359  	8.109944 
6.426416  	8.169427 
6.286536  	8.123501 
6.147791  	8.196956 
6.010258  	8.074650 
5.874024  	7.974075 
5.739181  	8.268801 
5.605830  	8.254636 
5.474079  	8.247071 
5.344046  	8.252568 
5.215861  	8.232745 
5.089662  	8.267198 
4.965602  	8.313446 
4.843845  	8.251902 
4.724568  	8.230762 
4.607964  	8.273805 
4.494241  	8.328754 
4.383625  	8.340008 
4.276354  	8.337273 
4.172689  	8.351361 
4.072903  	8.369425 
3.977289  	8.372582 
3.886156  	8.370619 
3.799824  	8.376899 
3.718630  	8.363380 
3.642915  	8.349359 
3.573030  	8.334251 
3.509321  	8.307695 
3.452131  	8.352198 
3.401789  	8.335913 
3.358602  	8.346818 
3.322850  	8.354780 
3.294775  	8.428209 
3.274574  	8.392438 
3.262393  	8.396145 
3.258322  	8.425276 
3.262393  	8.410129 
3.274574  	8.441514 
3.294775  	8.416410 
3.322850  	8.411154 
3.358602  	8.432759 
3.401789  	8.418569 
3.452131  	8.393261 
3.509321  	8.399169 
3.573030  	8.394457 
3.642915  	8.377864 
3.718630  	8.396312 
3.799824  	8.414701 
3.886156  	8.391700 
3.977289  	8.364127 
4.072903  	8.343352 
4.172689  	8.260830 
4.276354  	8.295336 
4.383625  	8.422373 
4.494241  	8.259899 
4.607964  	8.339541 
4.724568  	8.350941 
4.843845  	8.306759 
4.965602  	8.253923 
6.921539  	8.265945 
6.776214  	8.259065 
6.631707  	8.150795 
6.488072  	7.857932 
6.345369  	8.193241 
6.203661  	8.171747 
6.063019  	8.095210 
5.923519  	8.158982 
5.785243  	8.240186 
5.648281  	8.178323 
5.512731  	8.261172 
5.378700  	8.152057 
5.246304  	8.217689 
5.115670  	8.146211 
4.986937  	8.256267 
4.860255  	8.197971 
4.735790  	8.173446 
4.613720  	8.242139 
4.494241  	8.324005 
4.377566  	8.294943 
4.263923  	8.340092 
4.153562  	8.377920 
4.046753  	8.362253 
3.943782  	8.360876 
3.844959  	8.384849 
3.750611  	8.382025 
3.661085  	8.375762 
3.576742  	8.355687 
3.497957  	8.357537 
3.425115  	8.341296 
3.358602  	8.345475 
3.298800  	8.371384 
3.246081  	8.358148 
3.200794  	8.364547 
3.163259  	8.386584 
3.133754  	8.409085 
3.112508  	8.409871 
3.099691  	8.430765 
3.095406  	8.433933 
3.099691  	8.419440 
3.112508  	8.424238 
3.133754  	8.412187 
3.163259  	8.425526 
3.200794  	8.420271 
3.246081  	8.418272 
3.298800  	8.413531 
3.358602  	8.421303 
3.425115  	8.400846 
3.497957  	8.378344 
3.576742  	8.379287 
3.661085  	8.403344 
3.750611  	8.377745 
3.844959  	8.332244 
3.943782  	8.337483 
4.046753  	8.309241 
4.153562  	8.327801 
4.263923  	8.330086 
4.377566  	8.218356 
4.494241  	8.285903 
4.613720  	8.287552 
4.735790  	8.302626 
4.860255  	8.317463 
6.850231  	8.301688 
6.703360  	8.271763 
6.557247  	8.279889 
6.411945  	8.187103 
6.267508  	8.335961 
6.123999  	8.297535 
5.981485  	8.177290 
5.840037  	8.208327 
5.699736  	8.181187 
5.560669  	8.121142 
5.422929  	8.248509 
5.286622  	8.157953 
5.151860  	8.084249 
5.018769  	8.022288 
4.887484  	8.235926 
4.758155  	8.252472 
4.630946  	8.200052 
4.506037  	8.247012 
4.383625  	8.262298 
4.263923  	8.334862 
4.147167  	8.382013 
4.033614  	8.372233 
3.923540  	8.361783 
3.817247  	8.351579 
3.715059  	8.370631 
3.617325  	8.375621 
3.524415  	8.386470 
3.436719  	8.346401 
3.354648  	8.334170 
3.278624  	8.320075 
3.209075  	8.349674 
3.146433  	8.340653 
3.091116  	8.382151 
3.043524  	8.388952 
3.004025  	8.406940 
2.972940  	8.406967 
2.950536  	8.391316 
2.937012  	8.408647 
2.932490  	8.444072 
2.937012  	8.417477 
2.950536  	8.434858 
2.972940  	8.446684 
3.004025  	8.427611 
3.043524  	8.413977 
3.091116  	8.408524 
3.146433  	8.412552 
3.209075  	8.394198 
3.278624  	8.443604 
3.354648  	8.390939 
3.436719  	8.391334 
3.524415  	8.376915 
3.617325  	8.370592 
3.715059  	8.358729 
3.817247  	8.366849 
3.923540  	8.321023 
4.033614  	8.290945 
4.147167  	8.403639 
4.263923  	8.285782 
4.383625  	8.400503 
4.506037  	8.231416 
4.630946  	8.293954 
4.758155  	8.241727 
6.782087  	8.235496 
6.633708  	8.293449 
6.486026  	8.301824 
6.339091  	8.295080 
6.192956  	8.311792 
6.047678  	8.242951 
5.903321  	8.161290 
5.759955  	8.230717 
5.617654  	8.245604 
5.476502  	8.175619 
5.336591  	8.179726 
5.198020  	8.235341 
5.060900  	8.289276 
4.925351  	8.238931 
4.791507  	8.257672 
4.659515  	8.237069 
4.529537  	8.224682 
4.401751  	8.217581 
4.276354  	8.301884 
4.153562  	8.342631 
4.033614  	8.334351 
3.916769  	8.347183 
3.803315  	8.384671 
3.693564  	8.386839 
3.587855  	8.396166 
3.486557  	8.376541 
3.390065  	8.386613 
3.298800  	8.364479 
3.213208  	8.334398 
3.133754  	8.343111 
3.060916  	8.364945 
2.995176  	8.380440 
2.937012  	8.383671 
2.886881  	8.420913 
2.845208  	8.406509 
2.812368  	8.416144 
2.788675  	8.434733 
2.774362  	8.442180 
2.769574  	8.425607 
2.774362  	8.433961 
2.788675  	8.439852 
2.812368  	8.440387 
2.845208  	8.427139 
2.886881  	8.422638 
2.937012  	8.419421 
2.995176  	8.421478 
3.060916  	8.405773 
3.133754  	8.391867 
3.213208  	8.363550 
3.298800  	8.365412 
3.390065  	8.375098 
3.486557  	8.358578 
3.587855  	8.367264 
3.693564  	8.384451 
3.803315  	8.351065 
3.916769  	8.358607 
4.033614  	8.344924 
4.153562  	8.334956 
4.276354  	8.388298 
4.401751  	8.327953 
4.529537  	8.358615 
4.659515  	8.330711 
6.717204  	8.208428 
6.567359  	8.226795 
6.418151  	8.275883 
6.269625  	8.203076 
6.121832  	8.259272 
5.974825  	8.226431 
5.828664  	8.265796 
5.683415  	8.086294 
5.539148  	8.249980 
5.395943  	7.995401 
5.253887  	8.198016 
5.113075  	8.158740 
4.973613  	8.322344 
4.835618  	8.228554 
4.699219  	8.208223 
4.564560  	8.156518 
4.431798  	8.324430 
4.301109  	8.262417 
4.172689  	8.268248 
4.046753  	8.290986 
3.923540  	8.365621 
3.803315  	8.359066 
3.686371  	8.389945 
3.573030  	8.399222 
3.463644  	8.400356 
3.358602  	8.372799 
3.258322  	8.370918 
3.163259  	8.390330 
3.073895  	8.344742 
2.990742  	8.371919 
2.914332  	8.346589 
2.845208  	8.371193 
2.783912  	8.371232 
2.730972  	8.402274 
2.686882  	8.416942 
2.652082  	8.427165 
2.626944  	8.433219 
2.611744  	8.451593 
2.606658  	8.456892 
2.611744  	8.455344 
2.626944  	8.460879 
2.652082  	8.468706 
2.686882  	8.463142 
2.730972  	8.438233 
2.783912  	8.445367 
2.845208  	8.425748 
2.914332  	8.417120 
2.990742  	8.440038 
3.073895  	8.455634 
3.163259  	8.385241 
3.258322  	8.374742 
3.358602  	8.377451 
3.463644  	8.400572 
3.573030  	8.343621 
3.686371  	8.332463 
3.803315  	8.339914 
3.923540  	8.299819 
4.046753  	8.327342 
4.172689  	8.468320 
4.301109  	8.375261 
4.431798  	8.374712 
4.564560  	8.334028 
6.655677  	8.288402 
6.504415  	8.159040 
6.353729  	8.220721 
6.203661  	8.202794 
6.054258  	8.225358 
5.905569  	8.335381 
5.757650  	8.238241 
5.610563  	8.194535 
5.464373  	8.167200 
5.319155  	8.185036 
5.174992  	8.239707 
5.031972  	8.191976 
4.890198  	8.246508 
4.749780  	8.212818 
4.610843  	8.184135 
4.473524  	8.231606 
4.337976  	8.203707 
4.204372  	8.211441 
4.072903  	8.258139 
3.943782  	8.310294 
3.817247  	8.348311 
3.693564  	8.366528 
3.573030  	8.380640 
3.455973  	8.410637 
3.342759  	8.399825 
3.233793  	8.388989 
3.129517  	8.387441 
3.030415  	8.365726 
2.937012  	8.352068 
2.849868  	8.357183 
2.769574  	8.367660 
2.696742  	8.374106 
2.631991  	8.383944 
2.575930  	8.400124 
2.529138  	8.437958 
2.492137  	8.445827 
2.465368  	8.454530 
2.449166  	8.455701 
2.443742  	8.489044 
2.449166  	8.467603 
2.465368  	8.484913 
2.492137  	8.474927 
2.529138  	8.468674 
2.575930  	8.455126 
2.631991  	8.466392 
2.696742  	8.407785 
2.769574  	8.421891 
2.849868  	8.407494 
2.937012  	8.375179 
3.030415  	8.395128 
3.129517  	8.390372 
3.233793  	8.400633 
3.342759  	8.417594 
3.455973  	8.399902 
3.573030  	8.355915 
3.693564  	8.375946 
3.817247  	8.340082 
3.943782  	8.373676 
4.072903  	8.274544 
4.204372  	8.353887 
4.337976  	8.332734 
4.473524  	8.351494 
6.597600  	8.206217 
6.444975  	8.235353 
6.292866  	8.284786 
6.141311  	8.283075 
5.990353  	8.191710 
5.840037  	8.259677 
5.690416  	8.120272 
5.541543  	8.274608 
5.393483  	8.274051 
5.246304  	8.142069 
5.100081  	8.268721 
4.954900  	8.180694 
4.810855  	8.255029 
4.668052  	8.258205 
4.526606  	8.185272 
4.386651  	8.236799 
4.248333  	8.225000 
4.111817  	8.249151 
3.977289  	8.334075 
3.844959  	8.321809 
3.715059  	8.360942 
3.587855  	8.367640 
3.463644  	8.369500 
3.342759  	8.403182 
3.225575  	8.408018 
3.112508  	8.392156 
3.004025  	8.398146 
2.900639  	8.369407 
2.802915  	8.348346 
2.711465  	8.343082 
2.626944  	8.364808 
2.550041  	8.382719 
2.481464  	8.384311 
2.421922  	8.399651 
2.372095  	8.433244 
2.332604  	8.476992 
2.303982  	8.459377 
2.286637  	8.513044 
2.280826  	8.519895 
2.286637  	8.514228 
2.303982  	8.541137 
2.332604  	8.508755 
2.372095  	8.518102 
2.421922  	8.499189 
2.481464  	8.474439 
2.550041  	8.462033 
2.626944  	8.426487 
2.711465  	8.437938 
2.802915  	8.427364 
2.900639  	8.384894 
3.004025  	8.365945 
3.112508  	8.383058 
3.225575  	8.407176 
3.342759  	8.421021 
3.463644  	8.387184 
3.587855  	8.441040 
3.715059  	8.373521 
3.844959  	8.392034 
3.977289  	8.373124 
4.111817  	8.384578 
4.248333  	8.348458 
4.386651  	8.392170 
6.543065  	8.352264 
6.389137  	8.311594 
6.235666  	8.414394 
6.082687  	8.250546 
5.930236  	8.207077 
5.778357  	8.120778 
5.627096  	8.218714 
5.476502  	8.295886 
5.326635  	8.315194 
5.177555  	8.245341 
5.029334  	8.246736 
4.882050  	8.239181 
4.735790  	8.277742 
4.590651  	8.302853 
4.446745  	8.182864 
4.304193  	8.144464 
4.163137  	8.197397 
4.023731  	8.268735 
3.886156  	8.296979 
3.750611  	8.300536 
3.617325  	8.329295 
3.486557  	8.343603 
3.358602  	8.367354 
3.233793  	8.393917 
3.112508  	8.387408 
2.995176  	8.376142 
2.882280  	8.393395 
2.774362  	8.375344 
2.672023  	8.343109 
2.575930  	8.343029 
2.486807  	8.359442 
2.405428  	8.354391 
2.332604  	8.385584 
2.269159  	8.411485 
2.215899  	8.453548 
2.173572  	8.449020 
2.142827  	8.529081 
2.124166  	8.527189 
2.117910  	8.561748 
2.124166  	8.559358 
2.142827  	8.567304 
2.173572  	8.496755 
2.215899  	8.513392 
2.269159  	8.507821 
2.332604  	8.466349 
2.405428  	8.448406 
2.486807  	8.439171 
2.575930  	8.449146 
2.672023  	8.400526 
2.774362  	8.401843 
2.882280  	8.405947 
2.995176  	8.432360 
3.112508  	8.395133 
3.233793  	8.382798 
3.358602  	8.425745 
3.486557  	8.383010 
3.617325  	8.401496 
3.750611  	8.450559 
3.886156  	8.404051 
4.023731  	8.391545 
4.163137  	8.406896 
4.304193  	8.463421 
6.492161  	8.309623 
6.336997  	8.235900 
6.182232  	8.260759 
6.027897  	8.169558 
5.874024  	8.241878 
5.720653  	8.261872 
5.567824  	8.323690 
5.415583  	8.275398 
5.263981  	8.209530 
5.113075  	8.192551 
4.962929  	8.146578 
4.813613  	8.106053 
4.665208  	8.127294 
4.517802  	8.251058 
4.371498  	8.123883 
4.226410  	8.199854 
4.082666  	8.243387 
3.940415  	8.258153 
3.799824  	8.274186 
3.661085  	8.271179 
3.524415  	8.327441 
3.390065  	8.330960 
3.258322  	8.369004 
3.129517  	8.391998 
3.004025  	8.392655 
2.882280  	8.390275 
2.764778  	8.393653 
2.652082  	8.377336 
2.544831  	8.353498 
2.443742  	8.337141 
2.349610  	8.325917 
2.263303  	8.348085 
2.185749  	8.374941 
2.117910  	8.397570 
2.060744  	8.445667 
2.015161  	8.459836 
1.981960  	8.481748 
1.961770  	8.538930 
1.954993  	8.552013 
1.961770  	8.578016 
1.981960  	8.627486 
2.015161  	8.505104 
2.060744  	8.518401 
2.117910  	8.529453 
2.185749  	8.490324 
2.263303  	8.476353 
2.349610  	8.467597 
2.443742  	8.459362 
2.544831  	8.432186 
2.652082  	8.383531 
2.764778  	8.435605 
2.882280  	8.452236 
3.004025  	8.405563 
3.129517  	8.423877 
3.258322  	8.463093 
3.390065  	8.403832 
3.524415  	8.393039 
3.661085  	8.384177 
3.799824  	8.413891 
3.940415  	8.440542 
4.082666  	8.448059 
4.226410  	8.472171 
6.444975  	8.218273 
6.288647  	8.143323 
6.132661  	8.272293 
5.977046  	8.202121 
5.821830  	8.212703 
5.667046  	8.274741 
5.512731  	8.291823 
5.358925  	8.229273 
5.205674  	8.096670 
5.053027  	8.205158 
4.901041  	8.241767 
4.749780  	8.089728 
4.599316  	8.220747 
4.449728  	8.270557 
4.301109  	8.164011 
4.153562  	8.129778 
4.007207  	8.236296 
3.862177  	8.224267 
3.718630  	8.251487 
3.576742  	8.264398 
3.436719  	8.302396 
3.298800  	8.331008 
3.163259  	8.363532 
3.030415  	8.383962 
2.900639  	8.377969 
2.774362  	8.387077 
2.652082  	8.389865 
2.534380  	8.355922 
2.421922  	8.327871 
2.315473  	8.321573 
2.215899  	8.326126 
2.124166  	8.354164 
2.041333  	8.391329 
1.968523  	8.404743 
1.906884  	8.433867 
1.857530  	8.458607 
1.821458  	8.473743 
1.799467  	8.497989 
1.792077  	8.552547 
1.799467  	8.542237 
1.821458  	8.535705 
1.857530  	8.501704 
1.906884  	8.496701 
1.968523  	8.480891 
2.041333  	8.474537 
2.124166  	8.464078 
2.215899  	8.457538 
2.315473  	8.429254 
2.421922  	8.424547 
2.534380  	8.416587 
2.652082  	8.429125 
2.774362  	8.448203 
2.900639  	8.442826 
3.030415  	8.442504 
3.163259  	8.459131 
3.298800  	8.434826 
3.436719  	8.407652 
3.576742  	8.402087 
3.718630  	8.416655 
3.862177  	8.435226 
4.007207  	8.463196 
4.153562  	8.470467 
6.401588  	8.217853 
6.244174  	8.133761 
6.087049  	8.272234 
5.930236  	8.232808 
5.773762  	8.246292 
5.617654  	8.279462 
5.461944  	8.262312 
5.306666  	8.217023 
5.151860  	8.155712 
4.997570  	8.156380 
4.843845  	8.172476 
4.690740  	8.110150 
4.538318  	8.139939 
4.386651  	8.202357 
4.235819  	8.257878 
4.085916  	8.213767 
3.937046  	8.185017 
3.789332  	8.222089 
3.642915  	8.245451 
3.497957  	8.303470 
3.354648  	8.313640 
3.213208  	8.309237 
3.073895  	8.346195 
2.937012  	8.370044 
2.802915  	8.362948 
2.672023  	8.361698 
2.544831  	8.358731 
2.421922  	8.347132 
2.303982  	8.314419 
2.191812  	8.319368 
2.086344  	8.329365 
1.988645  	8.349586 
1.899912  	8.370421 
1.821458  	8.405085 
1.754660  	8.430872 
1.700894  	8.444474 
1.661425  	8.466842 
1.637287  	8.481475 
1.629161  	8.515796 
1.637287  	8.522747 
1.661425  	8.526759 
1.700894  	8.504049 
1.754660  	8.506745 
1.821458  	8.480273 
1.899912  	8.479582 
1.988645  	8.489124 
2.086344  	8.472400 
2.191812  	8.449834 
2.303982  	8.431927 
2.421922  	8.429343 
2.544831  	8.415742 
2.672023  	8.458773 
2.802915  	8.489778 
2.937012  	8.466390 
3.073895  	8.480125 
3.213208  	8.462179 
3.354648  	8.473170 
3.497957  	8.439415 
3.642915  	8.447643 
3.789332  	8.456642 
3.937046  	8.448433 
4.085916  	8.492744 
6.362078  	8.220382 
6.203661  	8.286008 
6.045483  	8.298976 
5.887564  	8.249952 
5.729925  	8.209684 
5.572589  	8.259539 
5.415583  	8.251821 
5.258936  	8.268696 
5.102683  	8.245893 
4.946859  	8.182077 
4.791507  	8.179463 
4.636674  	8.193696 
4.482414  	8.256565 
4.328789  	8.238887 
4.175868  	8.190642 
4.023731  	8.247024 
3.872472  	8.231696 
3.722197  	8.175939 
3.573030  	8.209215 
3.425115  	8.267337 
3.278624  	8.280172 
3.133754  	8.271465 
2.990742  	8.301886 
2.849868  	8.328015 
2.711465  	8.341254 
2.575930  	8.341444 
2.443742  	8.344847 
2.315473  	8.323518 
2.191812  	8.306391 
2.073584  	8.321650 
1.961770  	8.330889 
1.857530  	8.335234 
1.762207  	8.355211 
1.677324  	8.380426 
1.604538  	8.416460 
1.545558  	8.439206 
1.502012  	8.458124 
1.475268  	8.479262 
1.466245  	8.507490 
1.475268  	8.492497 
1.502012  	8.510715 
1.545558  	8.503344 
1.604538  	8.486427 
1.677324  	8.498250 
1.762207  	8.482025 
1.857530  	8.497876 
1.961770  	8.483202 
2.073584  	8.460130 
2.191812  	8.475661 
2.315473  	8.451341 
2.443742  	8.443286 
2.575930  	8.475245 
2.711465  	8.503061 
2.849868  	8.493559 
2.990742  	8.555213 
3.133754  	8.529011 
3.278624  	8.479859 
3.425115  	8.438093 
3.573030  	8.451295 
3.722197  	8.460634 
3.872472  	8.446342 
4.023731  	8.485966 
6.326518  	8.335767 
6.167188  	8.321516 
6.008050  	8.282955 
5.849120  	8.316368 
5.690416  	8.325740 
5.531956  	8.256960 
5.373763  	8.267320 
5.215861  	8.247102 
5.058277  	8.159804 
4.901041  	8.250251 
4.744189  	8.262208 
4.587760  	8.245356 
4.431798  	8.266133 
4.276354  	8.302301 
4.121488  	8.239713 
3.967267  	8.235050 
3.813769  	8.291866 
3.661085  	8.201654 
3.509321  	8.237773 
3.358602  	8.263980 
3.209075  	8.245905 
3.060916  	8.278283 
2.914332  	8.301469 
2.769574  	8.314901 
2.626944  	8.322214 
2.486807  	8.317368 
2.349610  	8.317787 
2.215899  	8.307293 
2.086344  	8.299176 
1.961770  	8.307646 
1.843186  	8.312105 
1.731822  	8.321944 
1.629161  	8.361648 
1.536948  	8.386025 
1.457166  	8.401902 
1.391956  	8.427192 
1.343441  	8.442846 
1.313472  	8.458109 
1.303329  	8.518820 
1.313472  	8.493093 
1.343441  	8.493735 
1.391956  	8.489798 
1.457166  	8.476327 
1.536948  	8.486675 
1.629161  	8.487048 
1.731822  	8.495764 
1.843186  	8.494425 
1.961770  	8.478504 
2.086344  	8.476982 
2.215899  	8.465434 
2.349610  	8.466489 
2.486807  	8.469443 
2.626944  	8.493224 
2.769574  	8.473538 
2.914332  	8.489687 
3.060916  	8.535701 
3.209075  	8.497388 
3.358602  	8.478175 
3.509321  	8.400015 
3.661085  	8.441909 
3.813769  	8.429433 
3.967267  	8.438643 
6.294974  	8.374181 
6.134825  	8.414506 
5.974825  	8.316491 
5.814987  	8.345721 
5.655325  	8.363792 
5.495854  	8.290995 
5.336591  	8.267965 
5.177555  	8.198635 
5.018769  	8.191476 
4.860255  	8.236191 
4.702043  	8.283675 
4.544163  	8.283189 
4.386651  	8.228355 
4.229549  	8.242294 
4.072903  	8.250514 
3.916769  	8.226073 
3.761211  	8.233912 
3.606302  	8.175470 
3.452131  	8.246585 
3.298800  	8.239398 
3.146433  	8.259616 
2.995176  	8.251200 
2.845208  	8.284473 
2.696742  	8.294395 
2.550041  	8.312324 
2.405428  	8.291679 
2.263303  	8.301412 
2.124166  	8.297024 
1.988645  	8.294055 
1.857530  	8.301940 
1.731822  	8.310311 
1.612787  	8.315565 
1.502012  	8.330017 
1.401457  	8.342524 
1.313472  	8.379107 
1.240732  	8.401822 
1.186047  	8.409138 
1.151991  	8.434726 
1.140413  	8.570582 
1.151991  	8.455738 
1.186047  	8.461786 
1.240732  	8.467878 
1.313472  	8.508188 
1.401457  	8.529316 
1.502012  	8.538419 
1.612787  	8.522711 
1.731822  	8.513969 
1.857530  	8.492913 
1.988645  	8.497897 
2.124166  	8.468097 
2.263303  	8.485815 
2.405428  	8.455298 
2.550041  	8.477632 
2.696742  	8.475050 
2.845208  	8.493850 
2.995176  	8.470180 
3.146433  	8.478885 
3.298800  	8.476549 
3.452131  	8.434495 
3.606302  	8.424948 
3.761211  	8.393218 
3.916769  	8.408608 
6.267508  	8.573979 
6.106639  	8.439342 
5.945881  	8.370828 
5.785243  	8.383169 
5.624737  	8.387399 
5.464373  	8.300622 
5.304165  	8.490616 
5.144127  	8.285591 
4.984275  	8.274870 
4.824628  	8.287390 
4.665208  	8.303633 
4.506037  	8.224508 
4.347144  	8.166985 
4.188561  	8.223683 
4.030322  	8.157272 
3.872472  	8.245940 
3.715059  	8.188267 
3.558142  	8.211608 
3.401789  	8.211693 
3.246081  	8.227186 
3.091116  	8.260018 
2.937012  	8.250526 
2.783912  	8.285095 
2.631991  	8.279327 
2.481464  	8.309660 
2.332604  	8.269426 
2.185749  	8.275954 
2.041333  	8.296733 
1.899912  	8.292298 
1.762207  	8.304637 
1.629161  	8.306123 
1.502012  	8.302849 
1.382389  	8.311729 
1.272416  	8.324552 
1.174805  	8.368687 
1.092875  	8.372414 
1.030372  	8.364974 
0.990980  	8.364385 
0.977497  	8.563854 
0.990980  	8.405898 
1.030372  	8.436280 
1.092875  	8.456318 
1.174805  	8.486498 
1.272416  	8.500699 
1.382389  	8.513017 
1.502012  	8.497656 
1.629161  	8.488439 
1.762207  	8.473021 
1.899912  	8.488572 
2.041333  	8.465099 
2.185749  	8.457111 
2.332604  	8.460587 
2.481464  	8.451532 
2.631991  	8.452669 
2.783912  	8.467107 
2.937012  	8.469267 
3.091116  	8.464008 
3.246081  	8.485647 
3.401789  	8.434384 
3.558142  	8.499341 
3.715059  	8.482012 
3.872472  	8.445147 
6.244174  	8.371639 
6.082687  	8.397893 
5.921278  	8.369034 
5.759955  	8.395493 
5.598723  	8.474045 
5.437593  	8.402683 
5.276571  	8.350695 
5.115670  	8.384922 
4.954900  	8.294198 
4.794276  	8.248021 
4.633811  	8.285282 
4.473524  	8.228978 
4.313433  	8.305361 
4.153562  	8.273051 
3.993938  	8.224304 
3.834590  	8.227782 
3.675555  	8.211853 
3.516876  	8.222987 
3.358602  	8.219842 
3.200794  	8.244936 
3.043524  	8.242208 
2.886881  	8.246236 
2.730972  	8.263941 
2.575930  	8.290332 
2.421922  	8.292824 
2.269159  	8.289059 
2.117910  	8.302800 
1.968523  	8.309497 
1.821458  	8.305451 
1.677324  	8.303309 
1.536948  	8.294557 
1.401457  	8.297433 
1.272416  	8.295422 
1.151991  	8.314048 
1.043172  	8.312202 
0.949956  	8.316408 
0.877330  	8.326558 
0.830712  	8.320601 
0.814581  	8.656646 
0.830712  	8.404980 
0.877330  	8.440572 
0.949956  	8.447295 
1.043172  	8.500255 
1.151991  	8.527007 
1.272416  	8.530794 
1.401457  	8.518412 
1.536948  	8.513312 
1.677324  	8.493067 
1.821458  	8.496702 
1.968523  	8.480230 
2.117910  	8.468476 
2.269159  	8.458146 
2.421922  	8.460788 
2.575930  	8.449885 
2.730972  	8.463423 
2.886881  	8.446518 
3.043524  	8.440414 
3.200794  	8.423116 
3.358602  	8.464471 
3.516876  	8.388861 
3.675555  	8.583368 
3.834590  	8.388536 
6.225016  	8.475782 
6.063019  	8.436800 
5.901073  	8.471349 
5.739181  	8.409534 
5.577350  	8.391372 
5.415583  	8.412476 
5.253887  	8.360007 
5.092269  	8.355052 
4.930737  	8.297224 
4.769298  	8.311323 
4.607964  	8.227661 
4.446745  	8.230481 
4.285654  	8.146620 
4.124707  	8.232649 
3.963920  	8.242551 
3.803315  	8.239224 
3.642915  	8.281485 
3.482749  	8.256741 
3.322850  	8.238208 
3.163259  	8.212816 
3.004025  	8.252532 
2.845208  	8.235306 
2.686882  	8.236000 
2.529138  	8.256823 
2.372095  	8.289620 
2.215899  	8.255759 
2.060744  	8.299746 
1.906884  	8.308628 
1.754660  	8.311495 
1.604538  	8.309874 
1.457166  	8.299151 
1.313472  	8.293593 
1.174805  	8.282535 
1.043172  	8.282390 
0.921593  	8.278720 
0.814581  	8.287577 
0.728583  	8.294301 
0.671720  	8.391232 
0.651664  	8.775626 
0.671720  	8.518211 
0.728583  	8.509537 
0.814581  	8.466522 
0.921593  	8.501772 
1.043172  	8.535519 
1.174805  	8.549658 
1.313472  	8.540516 
1.457166  	8.526343 
1.604538  	8.544903 
1.754660  	8.535476 
1.906884  	8.497432 
2.060744  	8.465669 
2.215899  	8.478234 
2.372095  	8.454433 
2.529138  	8.448274 
2.686882  	8.453406 
2.845208  	8.441129 
3.004025  	8.425247 
3.163259  	8.385433 
3.322850  	8.453588 
3.482749  	8.370573 
3.642915  	8.494256 
3.803315  	8.330103 
6.210075  	8.376133 
6.047678  	8.463006 
5.885310  	8.428164 
5.722972  	8.446425 
5.560669  	8.441659 
5.398402  	8.476257 
5.236176  	8.423436 
5.073994  	8.366458 
4.911860  	8.293077 
4.749780  	8.301608 
4.587760  	8.260607 
4.425805  	8.224993 
4.263923  	8.097515 
4.102123  	8.252354 
3.940415  	8.270785 
3.778811  	8.212131 
3.617325  	8.215533 
3.455973  	8.210336 
3.294775  	8.168609 
3.133754  	8.214527 
2.972940  	8.217585 
2.812368  	8.211283 
2.652082  	8.234084 
2.492137  	8.256161 
2.332604  	8.272121 
2.173572  	8.295522 
2.015161  	8.316832 
1.857530  	8.310702 
1.700894  	8.314435 
1.545558  	8.312000 
1.391956  	8.299158 
1.240732  	8.297670 
1.092875  	8.285130 
0.949956  	8.266955 
0.814581  	8.266456 
0.691195  	8.278640 
0.587402  	8.345787 
0.515186  	8.335731 
0.488748  	8.634461 
0.515186  	8.703400 
0.587402  	8.501754 
0.691195  	8.500177 
0.814581  	8.515823 
0.949956  	8.541639 
1.092875  	8.553844 
1.240732  	8.547094 
1.391956  	8.532905 
1.545558  	8.547577 
1.700894  	8.526288 
1.857530  	8.510624 
2.015161  	8.479843 
2.173572  	8.475091 
2.332604  	8.465850 
2.492137  	8.445576 
2.652082  	8.432184 
2.812368  	8.447661 
2.972940  	8.458552 
3.133754  	8.483795 
3.294775  	8.366856 
3.455973  	8.370477 
3.617325  	8.348652 
3.778811  	8.331839 
6.199381  	8.411840 
6.036696  	8.482551 
5.874024  	8.485289 
5.711366  	8.497467 
5.548723  	8.456952 
5.386097  	8.464213 
5.223488  	8.477835 
5.060900  	8.434486 
4.898333  	8.403444 
4.735790  	8.326967 
4.573273  	8.285090 
4.410787  	8.246301 
4.248333  	8.135083 
4.085916  	8.245624 
3.923540  	8.244126 
3.761211  	8.203664 
3.598935  	8.215793 
3.436719  	8.205694 
3.274574  	8.192732 
3.112508  	8.166859 
2.950536  	8.164509 
2.788675  	8.192843 
2.626944  	8.219193 
2.465368  	8.214931 
2.303982  	8.246587 
2.142827  	8.271413 
1.981960  	8.284284 
1.821458  	8.285491 
1.661425  	8.294744 
1.502012  	8.302204 
1.343441  	8.291142 
1.186047  	8.287785 
1.030372  	8.257363 
0.877330  	8.240822 
0.728583  	8.215848 
0.587402  	8.233366 
0.460796  	8.329920 
0.364292  	8.299884 
0.325832  	8.575562 
0.364292  	8.556679 
0.460796  	8.489337 
0.587402  	8.494863 
0.728583  	8.533034 
0.877330  	8.552154 
1.030372  	8.549929 
1.186047  	8.555790 
1.343441  	8.544214 
1.502012  	8.524830 
1.661425  	8.515941 
1.821458  	8.495589 
1.981960  	8.478056 
2.142827  	8.458909 
2.303982  	8.454970 
2.465368  	8.422352 
2.626944  	8.425720 
2.788675  	8.434665 
2.950536  	8.415834 
3.112508  	8.440808 
3.274574  	8.386874 
3.436719  	8.411544 
3.598935  	8.337061 
3.761211  	8.332250 
6.192956  	8.409270 
6.030098  	8.464062 
5.867243  	8.522023 
5.704391  	8.484914 
5.541543  	8.453481 
5.378700  	8.483248 
5.215861  	8.492871 
5.053027  	8.515510 
4.890198  	8.407830 
4.727376  	8.332987 
4.564560  	8.281782 
4.401751  	8.224746 
4.238951  	8.171548 
4.076160  	8.239269 
3.913380  	8.262325 
3.750611  	8.269721 
3.587855  	8.189044 
3.425115  	8.181327 
3.262393  	8.192053 
3.099691  	8.185425 
2.937012  	8.177672 
2.774362  	8.185377 
2.611744  	8.189779 
2.449166  	8.213396 
2.286637  	8.210812 
2.124166  	8.231843 
1.961770  	8.262859 
1.799467  	8.279656 
1.637287  	8.296582 
1.475268  	8.303749 
1.313472  	8.292432 
1.151991  	8.302819 
0.990980  	8.265300 
0.830712  	8.238447 
0.671720  	8.237891 
0.515186  	8.228659 
0.364292  	8.270186 
0.230398  	8.311920 
0.162916  	8.369974 
0.230398  	8.491554 
0.364292  	8.473347 
0.515186  	8.524236 
0.671720  	8.543584 
0.830712  	8.549823 
0.990980  	8.562384 
1.151991  	8.553108 
1.313472  	8.553293 
1.475268  	8.533558 
1.637287  	8.512470 
1.799467  	8.488313 
1.961770  	8.472202 
2.124166  	8.456628 
2.286637  	8.449202 
2.449166  	8.435089 
2.611744  	8.438286 
2.774362  	8.429494 
2.937012  	8.427017 
3.099691  	8.441803 
3.262393  	8.396358 
3.425115  	8.377613 
3.587855  	8.356110 
3.750611  	8.335350 
6.190813  	8.382055 
6.027897  	8.445314 
5.864980  	8.457838 
5.702064  	8.504672 
5.539148  	8.483636 
5.376232  	8.482727 
5.213316  	8.516803 
5.050400  	8.542106 
4.887484  	8.452794 
4.724568  	8.375545 
4.561651  	8.276577 
4.398735  	8.266504 
4.235819  	8.192615 
4.072903  	8.193121 
3.909987  	8.221899 
3.747071  	8.293686 
3.584155  	8.222513 
3.421239  	8.140506 
3.258322  	8.140677 
3.095406  	8.170504 
2.932490  	8.135609 
2.769574  	8.170684 
2.606658  	8.159499 
2.443742  	8.177844 
2.280826  	8.188691 
2.117910  	8.232331 
1.954993  	8.251431 
1.792077  	8.274383 
1.629161  	8.292952 
1.466245  	8.315381 
1.303329  	8.314613 
1.140413  	8.307255 
0.977497  	8.279605 
0.814581  	8.231235 
0.651664  	8.208731 
0.488748  	8.204358 
0.325832  	8.310707 
0.162916  	8.287199 
0.000000  	8.325888 
0.162916  	8.435933 
0.325832  	8.488209 
0.488748  	8.545492 
0.651664  	8.547695 
0.814581  	8.554255 
0.977497  	8.554433 
1.140413  	8.555693 
1.303329  	8.552322 
1.466245  	8.539760 
1.629161  	8.515527 
1.792077  	8.486123 
1.954993  	8.469138 
2.117910  	8.454306 
2.280826  	8.446933 
2.443742  	8.423800 
2.606658  	8.415196 
2.769574  	8.428747 
2.932490  	8.391066 
3.095406  	8.371761 
3.258322  	8.365969 
3.421239  	8.304659 
3.584155  	8.342379 
3.747071  	8.360862 
6.192956  	8.406684 
6.030098  	8.474970 
5.867243  	8.543531 
5.704391  	8.508102 
5.541543  	8.543219 
5.378700  	8.515251 
5.215861  	8.497454 
5.053027  	8.558745 
4.890198  	8.495490 
4.727376  	8.415284 
4.564560  	8.392686 
4.401751  	8.341765 
4.238951  	8.285852 
4.076160  	8.276279 
3.913380  	8.269267 
3.750611  	8.312714 
3.587855  	8.253933 
3.425115  	8.187150 
3.262393  	8.189839 
3.099691  	8.190280 
2.937012  	8.154559 
2.774362  	8.167956 
2.611744  	8.168775 
2.449166  	8.196365 
2.286637  	8.198821 
2.124166  	8.211435 
1.961770  	8.243323 
1.799467  	8.269595 
1.637287  	8.294541 
1.475268  	8.318940 
1.313472  	8.335587 
1.151991  	8.334269 
0.990980  	8.330627 
0.830712  	8.280312 
0.671720  	8.266110 
0.515186  	8.250178 
0.364292  	8.283355 
0.230398  	8.318191 
0.162916  	8.442559 
0.230398  	8.434176 
0.364292  	8.514079 
0.515186  	8.546430 
0.671720  	8.551897 
0.830712  	8.559621 
0.990980  	8.530962 
1.151991  	8.556262 
1.313472  	8.536002 
1.475268  	8.534166 
1.637287  	8.483275 
1.799467  	8.481887 
1.961770  	8.465420 
2.124166  	8.436512 
2.286637  	8.444708 
2.449166  	8.431831 
2.611744  	8.403126 
2.774362  	8.398446 
2.937012  	8.375388 
3.099691  	8.373427 
3.262393  	8.347041 
3.425115  	8.364795 
3.587855  	8.317671 
3.750611  	8.309234 
6.199381  	8.378210 
6.036696  	8.431781 
5.874024  	8.448076 
5.711366  	8.466819 
5.548723  	8.459722 
5.386097  	8.472028 
5.223488  	8.496269 
5.060900  	8.489074 
4.898333  	8.496851 
4.735790  	8.417489 
4.573273  	8.382696 
4.410787  	8.304509 
4.248333  	8.294625 
4.085916  	8.329480 
3.923540  	8.198423 
3.761211  	8.260218 
3.598935  	8.223309 
3.436719  	8.192167 
3.274574  	8.156261 
3.112508  	8.185959 
2.950536  	8.176400 
2.788675  	8.147294 
2.626944  	8.149981 
2.465368  	8.171535 
2.303982  	8.190860 
2.142827  	8.212087 
1.981960  	8.268380 
1.821458  	8.291280 
1.661425  	8.320877 
1.502012  	8.341355 
1.343441  	8.356202 
1.186047  	8.363514 
1.030372  	8.357680 
0.877330  	8.329333 
0.728583  	8.305914 
0.587402  	8.296008 
0.460796  	8.324357 
0.364292  	8.387601 
0.325832  	8.408199 
0.364292  	8.470294 
0.460796  	8.519682 
0.587402  	8.567234 
0.728583  	8.567508 
0.877330  	8.567198 
1.030372  	8.545044 
1.186047  	8.533004 
1.343441  	8.535022 
1.502012  	8.519378 
1.661425  	8.502397 
1.821458  	8.482964 
1.981960  	8.471543 
2.142827  	8.452233 
2.303982  	8.440756 
2.465368  	8.420401 
2.626944  	8.407666 
2.788675  	8.416369 
2.950536  	8.400448 
3.112508  	8.404215 
3.274574  	8.336415 
3.436719  	8.340379 
3.598935  	8.353112 
3.761211  	8.363512 
6.210075  	8.401096 
6.047678  	8.410366 
5.885310  	8.513086 
5.722972  	8.466558 
5.560669  	8.483083 
5.398402  	8.502273 
5.236176  	8.483511 
5.073994  	8.454204 
4.911860  	8.440207 
4.749780  	8.427960 
4.587760  	8.419362 
4.425805  	8.408350 
4.263923  	8.263487 
4.102123  	8.333304 
3.940415  	8.253853 
3.778811  	8.295715 
3.617325  	8.235313 
3.455973  	8.205439 
3.294775  	8.196426 
3.133754  	8.186092 
2.972940  	8.134574 
2.812368  	8.163873 
2.652082  	8.162437 
2.492137  	8.149727 
2.332604  	8.181515 
2.173572  	8.229340 
2.015161  	8.272823 
1.857530  	8.297848 
1.700894  	8.332555 
1.545558  	8.356347 
1.391956  	8.373804 
1.240732  	8.376996 
1.092875  	8.373223 
0.949956  	8.360632 
0.814581  	8.341301 
0.691195  	8.324837 
0.587402  	8.344213 
0.515186  	8.397396 
0.488748  	8.432292 
0.515186  	8.460044 
0.587402  	8.489173 
0.691195  	8.554423 
0.814581  	8.562791 
0.949956  	8.546334 
1.092875  	8.573167 
1.240732  	8.541513 
1.391956  	8.526732 
1.545558  	8.523718 
1.700894  	8.499742 
1.857530  	8.473432 
2.015161  	8.453978 
2.173572  	8.446995 
2.332604  	8.429845 
2.492137  	8.432034 
2.652082  	8.410181 
2.812368  	8.402591 
2.972940  	8.399244 
3.133754  	8.358167 
3.294775  	8.345901 
3.455973  	8.357000 
3.617325  	8.378077 
3.778811  	8.334180 
6.225016  	8.315161 
6.063019  	8.385474 
5.901073  	8.462902 
5.739181  	8.455778 
5.577350  	8.461610 
5.415583  	8.478162 
5.253887  	8.464145 
5.092269  	8.422124 
4.930737  	8.473728 
4.769298  	8.454399 
4.607964  	8.438565 
4.446745  	8.349909 
4.285654  	8.274359 
4.124707  	8.301138 
3.963920  	8.335961 
3.803315  	8.278879 
3.642915  	8.188080 
3.482749  	8.282631 
3.322850  	8.211058 
3.163259  	8.183770 
3.004025  	8.150351 
2.845208  	8.189309 
2.686882  	8.173582 
2.529138  	8.163751 
2.372095  	8.205972 
2.215899  	8.232913 
2.060744  	8.272123 
1.906884  	8.311543 
1.754660  	8.329287 
1.604538  	8.358194 
1.457166  	8.372145 
1.313472  	8.381290 
1.174805  	8.374297 
1.043172  	8.354436 
0.921593  	8.338669 
0.814581  	8.332144 
0.728583  	8.372468 
0.671720  	8.397992 
0.651664  	8.456130 
0.671720  	8.456429 
0.728583  	8.501710 
0.814581  	8.553682 
0.921593  	8.562988 
1.043172  	8.555054 
1.174805  	8.563695 
1.313472  	8.544978 
1.457166  	8.552565 
1.604538  	8.504723 
1.754660  	8.484333 
1.906884  	8.467267 
2.060744  	8.450475 
2.215899  	8.459034 
2.372095  	8.447513 
2.529138  	8.439791 
2.686882  	8.446216 
2.845208  	8.404297 
3.004025  	8.362479 
3.163259  	8.359039 
3.322850  	8.304659 
3.482749  	8.316141 
3.642915  	8.325445 
3.803315  	8.193051 
6.244174  	8.361951 
6.082687  	8.421315 
5.921278  	8.403183 
5.759955  	8.421098 
5.598723  	8.418864 
5.437593  	8.407469 
5.276571  	8.434653 
5.115670  	8.416971 
4.954900  	8.408386 
4.794276  	8.439460 
4.633811  	8.421778 
4.473524  	8.336962 
4.313433  	8.312488 
4.153562  	8.347656 
3.993938  	8.284235 
3.834590  	8.290922 
3.675555  	8.260733 
3.516876  	8.204065 
3.358602  	8.244238 
3.200794  	8.199692 
3.043524  	8.193490 
2.886881  	8.195673 
2.730972  	8.179008 
2.575930  	8.195749 
2.421922  	8.208549 
2.269159  	8.226230 
2.117910  	8.292124 
1.968523  	8.325768 
1.821458  	8.344682 
1.677324  	8.370843 
1.536948  	8.390875 
1.401457  	8.398824 
1.272416  	8.386196 
1.151991  	8.356918 
1.043172  	8.341754 
0.949956  	8.344543 
0.877330  	8.406111 
0.830712  	8.391267 
0.814581  	8.454522 
0.830712  	8.471729 
0.877330  	8.477542 
0.949956  	8.508594 
1.043172  	8.526432 
1.151991  	8.554167 
1.272416  	8.565367 
1.401457  	8.533594 
1.536948  	8.523305 
1.677324  	8.514541 
1.821458  	8.499789 
1.968523  	8.481326 
2.117910  	8.477048 
2.269159  	8.442627 
2.421922  	8.428394 
2.575930  	8.425091 
2.730972  	8.414380 
2.886881  	8.362405 
3.043524  	8.339547 
3.200794  	8.382667 
3.358602  	8.354788 
3.516876  	8.352646 
3.675555  	8.298799 
3.834590  	8.243775 
6.267508  	8.453570 
6.106639  	8.409342 
5.945881  	8.383624 
5.785243  	8.442866 
5.624737  	8.401919 
5.464373  	8.373457 
5.304165  	8.373136 
5.144127  	8.391163 
4.984275  	8.405768 
4.824628  	8.434141 
4.665208  	8.406872 
4.506037  	8.433668 
4.347144  	8.317794 
4.188561  	8.260848 
4.030322  	8.259433 
3.872472  	8.241734 
3.715059  	8.237452 
3.558142  	8.176367 
3.401789  	8.198578 
3.246081  	8.232860 
3.091116  	8.226404 
2.937012  	8.191857 
2.783912  	8.192052 
2.631991  	8.195363 
2.481464  	8.169827 
2.332604  	8.218009 
2.185749  	8.273532 
2.041333  	8.290856 
1.899912  	8.312130 
1.762207  	8.337498 
1.629161  	8.347136 
1.502012  	8.348939 
1.382389  	8.346256 
1.272416  	8.330927 
1.174805  	8.331752 
1.092875  	8.343092 
1.030372  	8.380271 
0.990980  	8.404757 
0.977497  	8.434025 
0.990980  	8.459782 
1.030372  	8.487590 
1.092875  	8.508427 
1.174805  	8.523850 
1.272416  	8.496196 
1.382389  	8.499313 
1.502012  	8.496149 
1.629161  	8.500626 
1.762207  	8.466897 
1.899912  	8.500127 
2.041333  	8.455250 
2.185749  	8.443140 
2.332604  	8.436993 
2.481464  	8.420811 
2.631991  	8.441689 
2.783912  	8.415808 
2.937012  	8.425459 
3.091116  	8.413059 
3.246081  	8.359764 
3.401789  	8.347224 
3.558142  	8.354045 
3.715059  	8.248451 
3.872472  	8.147640 
6.294974  	8.360926 
6.134825  	8.478979 
5.974825  	8.402236 
5.814987  	8.398964 
5.655325  	8.367411 
5.495854  	8.333688 
5.336591  	8.353491 
5.177555  	8.386140 
5.018769  	8.365924 
4.860255  	8.393206 
4.702043  	8.335355 
4.544163  	8.305795 
4.386651  	8.256838 
4.229549  	8.271660 
4.072903  	8.263698 
3.916769  	8.274540 
3.761211  	8.250892 
3.606302  	8.238041 
3.452131  	8.279158 
3.298800  	8.237330 
3.146433  	8.249701 
2.995176  	8.232916 
2.845208  	8.210066 
2.696742  	8.200056 
2.550041  	8.224048 
2.405428  	8.254553 
2.263303  	8.296106 
2.124166  	8.301258 
1.988645  	8.321642 
1.857530  	8.354318 
1.731822  	8.359750 
1.612787  	8.358654 
1.502012  	8.356532 
1.401457  	8.329428 
1.313472  	8.331887 
1.240732  	8.346155 
1.186047  	8.377658 
1.151991  	8.423031 
1.140413  	8.457844 
1.151991  	8.468166 
1.186047  	8.480110 
1.240732  	8.495717 
1.313472  	8.513743 
1.401457  	8.481818 
1.502012  	8.491836 
1.612787  	8.471460 
1.731822  	8.481227 
1.857530  	8.473963 
1.988645  	8.443977 
2.124166  	8.423580 
2.263303  	8.418972 
2.405428  	8.425710 
2.550041  	8.419703 
2.696742  	8.407971 
2.845208  	8.387340 
2.995176  	8.417148 
3.146433  	8.399501 
3.298800  	8.332253 
3.452131  	8.337077 
3.606302  	8.336721 
3.761211  	8.303678 
3.916769  	8.222291 
6.326518  	8.440801 
6.167188  	8.373064 
6.008050  	8.394161 
5.849120  	8.416614 
5.690416  	8.342221 
5.531956  	8.309349 
5.373763  	8.247979 
5.215861  	8.290697 
5.058277  	8.324371 
4.901041  	8.297112 
4.744189  	8.300935 
4.587760  	8.255203 
4.431798  	8.255996 
4.276354  	8.264088 
4.121488  	8.255090 
3.967267  	8.296510 
3.813769  	8.223673 
3.661085  	8.239918 
3.509321  	8.248608 
3.358602  	8.252488 
3.209075  	8.262367 
3.060916  	8.218629 
2.914332  	8.235564 
2.769574  	8.195175 
2.626944  	8.275786 
2.486807  	8.270644 
2.349610  	8.280174 
2.215899  	8.304529 
2.086344  	8.308094 
1.961770  	8.349352 
1.843186  	8.343556 
1.731822  	8.333945 
1.629161  	8.335449 
1.536948  	8.331870 
1.457166  	8.351817 
1.391956  	8.365282 
1.343441  	8.450371 
1.313472  	8.402336 
1.303329  	8.444551 
1.313472  	8.462690 
1.343441  	8.463742 
1.391956  	8.468305 
1.457166  	8.482433 
1.536948  	8.465547 
1.629161  	8.478313 
1.731822  	8.480688 
1.843186  	8.436734 
1.961770  	8.431400 
2.086344  	8.437433 
2.215899  	8.403364 
2.349610  	8.408193 
2.486807  	8.411037 
2.626944  	8.414595 
2.769574  	8.426865 
2.914332  	8.390888 
3.060916  	8.391407 
3.209075  	8.367924 
3.358602  	8.330329 
3.509321  	8.309737 
3.661085  	8.328657 
3.813769  	8.299775 
3.967267  	8.286272 
6.362078  	8.470268 
6.203661  	8.414966 
6.045483  	8.369246 
5.887564  	8.351483 
5.729925  	8.316499 
5.572589  	8.318968 
5.415583  	8.321479 
5.258936  	8.308671 
5.102683  	8.283082 
4.946859  	8.259284 
4.791507  	8.259719 
4.636674  	8.303386 
4.482414  	8.300514 
4.328789  	8.365256 
4.175868  	8.237713 
4.023731  	8.238252 
3.872472  	8.197952 
3.722197  	8.260247 
3.573030  	8.265298 
3.425115  	8.252296 
3.278624  	8.202171 
3.133754  	8.238731 
2.990742  	8.258511 
2.849868  	8.233306 
2.711465  	8.280726 
2.575930  	8.284792 
2.443742  	8.262158 
2.315473  	8.285518 
2.191812  	8.315438 
2.073584  	8.328692 
1.961770  	8.327671 
1.857530  	8.336244 
1.762207  	8.332246 
1.677324  	8.356350 
1.604538  	8.337993 
1.545558  	8.359906 
1.502012  	8.403191 
1.475268  	8.427145 
1.466245  	8.459493 
1.475268  	8.455819 
1.502012  	8.468061 
1.545558  	8.472336 
1.604538  	8.459977 
1.677324  	8.455194 
1.762207  	8.438387 
1.857530  	8.432027 
1.961770  	8.428717 
2.073584  	8.463748 
2.191812  	8.430018 
2.315473  	8.400271 
2.443742  	8.390964 
2.575930  	8.410093 
2.711465  	8.389676 
2.849868  	8.406592 
2.990742  	8.415657 
3.133754  	8.395107 
3.278624  	8.369797 
3.425115  	8.353986 
3.573030  	8.364085 
3.722197  	8.248176 
3.872472  	8.328492 
4.023731  	8.342335 
6.401588  	8.369514 
6.244174  	8.454862 
6.087049  	8.370618 
5.930236  	8.368423 
5.773762  	8.302849 
5.617654  	8.312663 
5.461944  	8.297078 
5.306666  	8.333124 
5.151860  	8.295280 
4.997570  	8.273069 
4.843845  	8.263996 
4.690740  	8.301836 
4.538318  	8.285780 
4.386651  	8.344087 
4.235819  	8.254520 
4.085916  	8.217662 
3.937046  	8.231727 
3.789332  	8.281975 
3.642915  	8.320646 
3.497957  	8.266224 
3.354648  	8.287863 
3.213208  	8.301006 
3.073895  	8.314633 
2.937012  	8.274461 
2.802915  	8.292955 
2.672023  	8.276715 
2.544831  	8.289380 
2.421922  	8.304709 
2.303982  	8.308729 
2.191812  	8.313528 
2.086344  	8.342917 
1.988645  	8.347860 
1.899912  	8.355827 
1.821458  	8.375670 
1.754660  	8.374395 
1.700894  	8.373460 
1.661425  	8.394469 
1.637287  	8.410971 
1.629161  	8.415850 
1.637287  	8.431729 
1.661425  	8.430716 
1.700894  	8.447669 
1.754660  	8.463743 
1.821458  	8.428565 
1.899912  	8.447251 
1.988645  	8.394720 
2.086344  	8.404485 
2.191812  	8.406791 
2.303982  	8.391948 
2.421922  	8.385918 
2.544831  	8.386882 
2.672023  	8.395213 
2.802915  	8.417101 
2.937012  	8.396023 
3.073895  	8.365265 
3.213208  	8.377848 
3.354648  	8.371314 
3.497957  	8.353208 
3.642915  	8.300436 
3.789332  	8.318796 
3.937046  	8.277533 
4.085916  	8.354943 
6.444975  	8.412022 
6.288647  	8.402193 
6.132661  	8.315356 
5.977046  	8.355689 
5.821830  	8.289503 
5.667046  	8.241672 
5.512731  	8.283881 
5.358925  	8.229007 
5.205674  	8.549582 
5.053027  	8.282814 
4.901041  	8.301666 
4.749780  	8.296966 
4.599316  	8.259451 
4.449728  	8.283859 
4.301109  	8.256932 
4.153562  	8.209554 
4.007207  	8.314760 
3.862177  	8.297537 
3.718630  	8.290768 
3.576742  	8.300519 
3.436719  	8.305408 
3.298800  	8.240941 
3.163259  	8.389724 
3.030415  	8.313991 
2.900639  	8.321983 
2.774362  	8.318044 
2.652082  	8.329016 
2.534380  	8.330125 
2.421922  	8.343550 
2.315473  	8.327680 
2.215899  	8.322959 
2.124166  	8.337922 
2.041333  	8.350517 
1.968523  	8.355562 
1.906884  	8.397143 
1.857530  	8.426101 
1.821458  	8.438540 
1.799467  	8.387400 
1.792077  	8.414698 
1.799467  	8.427858 
1.821458  	8.421654 
1.857530  	8.407862 
1.906884  	8.423749 
1.968523  	8.412218 
2.041333  	8.402783 
2.124166  	8.415878 
2.215899  	8.387379 
2.315473  	8.393952 
2.421922  	8.396342 
2.534380  	8.376272 
2.652082  	8.385878 
2.774362  	8.390976 
2.900639  	8.382930 
3.030415  	8.368481 
3.163259  	8.357177 
3.298800  	8.355621 
3.436719  	8.364478 
3.576742  	8.338055 
3.718630  	8.352267 
3.862177  	8.350331 
4.007207  	8.381026 
4.153562  	8.336967 
6.492161  	8.383529 
6.336997  	8.410251 
6.182232  	8.296667 
6.027897  	8.315641 
5.874024  	8.300355 
5.720653  	8.289292 
5.567824  	8.195641 
5.415583  	8.250687 
5.263981  	8.235163 
5.113075  	8.263339 
4.962929  	8.303149 
4.813613  	8.321685 
4.665208  	8.277502 
4.517802  	8.155374 
4.371498  	8.251629 
4.226410  	8.242036 
4.082666  	8.317757 
3.940415  	8.285995 
3.799824  	8.288238 
3.661085  	8.296676 
3.524415  	8.315306 
3.390065  	8.333405 
3.258322  	8.392062 
3.129517  	8.346507 
3.004025  	8.356687 
2.882280  	8.351935 
2.764778  	8.332142 
2.652082  	8.319300 
2.544831  	8.342033 
2.443742  	8.362902 
2.349610  	8.387176 
2.263303  	8.421138 
2.185749  	8.365545 
2.117910  	8.379026 
2.060744  	8.386562 
2.015161  	8.401576 
1.981960  	8.414737 
1.961770  	8.374793 
1.954993  	8.388204 
1.961770  	8.410324 
1.981960  	8.409447 
2.015161  	8.383155 
2.060744  	8.374957 
2.117910  	8.393042 
2.185749  	8.399281 
2.263303  	8.385032 
2.349610  	8.377377 
2.443742  	8.389914 
2.544831  	8.376074 
2.652082  	8.380575 
2.764778  	8.414294 
2.882280  	8.404758 
3.004025  	8.378949 
3.129517  	8.375449 
3.258322  	8.368169 
3.390065  	8.338322 
3.524415  	8.358478 
3.661085  	8.352732 
3.799824  	8.366099 
3.940415  	8.333136 
4.082666  	8.327926 
4.226410  	8.364916 
6.543065  	8.295355 
6.389137  	8.299875 
6.235666  	8.290717 
6.082687  	8.188458 
5.930236  	8.329932 
5.778357  	8.273416 
5.627096  	8.146976 
5.476502  	8.297259 
5.326635  	8.286327 
5.177555  	8.177248 
5.029334  	8.243990 
4.882050  	8.327403 
4.735790  	8.330431 
4.590651  	8.292525 
4.446745  	8.304693 
4.304193  	8.243041 
4.163137  	8.334347 
4.023731  	8.322849 
3.886156  	8.420584 
3.750611  	8.313857 
3.617325  	8.365957 
3.486557  	8.330293 
3.358602  	8.357615 
3.233793  	8.324249 
3.112508  	8.350086 
2.995176  	8.303692 
2.882280  	8.327237 
2.774362  	8.343540 
2.672023  	8.343822 
2.575930  	8.352620 
2.486807  	8.355655 
2.405428  	8.398710 
2.332604  	8.384877 
2.269159  	8.385791 
2.215899  	8.411891 
2.173572  	8.405363 
2.142827  	8.412579 
2.124166  	8.405091 
2.117910  	8.378619 
2.124166  	8.383210 
2.142827  	8.381299 
2.173572  	8.380704 
2.215899  	8.376321 
2.269159  	8.368247 
2.332604  	8.365774 
2.405428  	8.370957 
2.486807  	8.359359 
2.575930  	8.362333 
2.672023  	8.410737 
2.774362  	8.393339 
2.882280  	8.408139 
2.995176  	8.403672 
3.112508  	8.396573 
3.233793  	8.389978 
3.358602  	8.371648 
3.486557  	8.319976 
3.617325  	8.329100 
3.750611  	8.358603 
3.886156  	8.333043 
4.023731  	8.355160 
4.163137  	8.370082 
4.304193  	8.367831 
6.597600  	8.301065 
6.444975  	8.302422 
6.292866  	8.273023 
6.141311  	8.236762 
5.990353  	8.302396 
5.840037  	8.253093 
5.690416  	8.237346 
5.541543  	8.272451 
5.393483  	8.238226 
5.246304  	8.174450 
5.100081  	8.437442 
4.954900  	8.334209 
4.810855  	8.353967 
4.668052  	8.313107 
4.526606  	8.343506 
4.386651  	8.281208 
4.248333  	8.278849 
4.111817  	8.411292 
3.977289  	8.321798 
3.844959  	8.360352 
3.715059  	8.367907 
3.587855  	8.388416 
3.463644  	8.353498 
3.342759  	8.289460 
3.225575  	8.413345 
3.112508  	8.353187 
3.004025  	8.334004 
2.900639  	8.375780 
2.802915  	8.362834 
2.711465  	8.368845 
2.626944  	8.390307 
2.550041  	8.418692 
2.481464  	8.410420 
2.421922  	8.423319 
2.372095  	8.395894 
2.332604  	8.397845 
2.303982  	8.412529 
2.286637  	8.400553 
2.280826  	8.391184 
2.286637  	8.379317 
2.303982  	8.387480 
2.332604  	8.387261 
2.372095  	8.382069 
2.421922  	8.377404 
2.481464  	8.371744 
2.550041  	8.374616 
2.626944  	8.336831 
2.711465  	8.381086 
2.802915  	8.376503 
2.900639  	8.374539 
3.004025  	8.390744 
3.112508  	8.422642 
3.225575  	8.404859 
3.342759  	8.386353 
3.463644  	8.396486 
3.587855  	8.381562 
3.715059  	8.385547 
3.844959  	8.397212 
3.977289  	8.382821 
4.111817  	8.392249 
4.248333  	8.351842 
4.386651  	8.361659 
6.655677  	8.299101 
6.504415  	8.260657 
6.353729  	8.212324 
6.203661  	8.176693 
6.054258  	8.247765 
5.905569  	8.202494 
5.757650  	8.243919 
5.610563  	8.221680 
5.464373  	8.061740 
5.319155  	8.247346 
5.174992  	8.316026 
5.031972  	8.305031 
4.890198  	8.273440 
4.749780  	8.286928 
4.610843  	8.331615 
4.473524  	8.261388 
4.337976  	8.296639 
4.204372  	8.335032 
4.072903  	8.302664 
3.943782  	8.316984 
3.817247  	8.323817 
3.693564  	8.345012 
3.573030  	8.349706 
3.455973  	8.347557 
3.342759  	8.422713 
3.233793  	8.379187 
3.129517  	8.355334 
3.030415  	8.343906 
2.937012  	8.369146 
2.849868  	8.391047 
2.769574  	8.393701 
2.696742  	8.398183 
2.631991  	8.414646 
2.575930  	8.434422 
2.529138  	8.416068 
2.492137  	8.424875 
2.465368  	8.442626 
2.449166  	8.393602 
2.443742  	8.382636 
2.449166  	8.396159 
2.465368  	8.389168 
2.492137  	8.366312 
2.529138  	8.376953 
2.575930  	8.356296 
2.631991  	8.350296 
2.696742  	8.343466 
2.769574  	8.339131 
2.849868  	8.368427 
2.937012  	8.368783 
3.030415  	8.392583 
3.129517  	8.410482 
3.233793  	8.453607 
3.342759  	8.377306 
3.455973  	8.401895 
3.573030  	8.411939 
3.693564  	8.375882 
3.817247  	8.401105 
3.943782  	8.416663 
4.072903  	8.293674 
4.204372  	8.364955 
4.337976  	8.394291 
4.473524  	8.385884 
6.717204  	8.190201 
6.567359  	8.191618 
6.418151  	8.119627 
6.269625  	8.199878 
6.121832  	8.305939 
5.974825  	8.154051 
5.828664  	8.318335 
5.683415  	8.290918 
5.539148  	8.244883 
5.395943  	8.229831 
5.253887  	8.283604 
5.113075  	8.299042 
4.973613  	8.333307 
4.835618  	8.364634 
4.699219  	8.345701 
4.564560  	8.373003 
4.431798  	8.347285 
4.301109  	8.355337 
4.172689  	8.264235 
4.046753  	8.338235 
3.923540  	8.286993 
3.803315  	8.362345 
3.686371  	8.359011 
3.573030  	8.351587 
3.463644  	8.398373 
3.358602  	8.339937 
3.258322  	8.354818 
3.163259  	8.333277 
3.073895  	8.344681 
2.990742  	8.384663 
2.914332  	8.307891 
2.845208  	8.365031 
2.783912  	8.391728 
2.730972  	8.434595 
2.686882  	8.397583 
2.652082  	8.381104 
2.626944  	8.402756 
2.611744  	8.383764 
2.606658  	8.380650 
2.611744  	8.360437 
2.626944  	8.352412 
2.652082  	8.369940 
2.686882  	8.366493 
2.730972  	8.343169 
2.783912  	8.320847 
2.845208  	8.383706 
2.914332  	8.338216 
2.990742  	8.384593 
3.073895  	8.376699 
3.163259  	8.388080 
3.258322  	8.423975 
3.358602  	8.387186 
3.463644  	8.367922 
3.573030  	8.393061 
3.686371  	8.392874 
3.803315  	8.432487 
3.923540  	8.416846 
4.046753  	8.413557 
4.172689  	8.319973 
4.301109  	8.355992 
4.431798  	8.392721 
4.564560  	8.309202 
6.782087  	8.559348 
6.633708  	8.331013 
6.486026  	8.204529 
6.339091  	8.235983 
6.192956  	8.293744 
6.047678  	8.255620 
5.903321  	8.268898 
5.759955  	8.124520 
5.617654  	8.080690 
5.476502  	8.300213 
5.336591  	8.363028 
5.198020  	8.331869 
5.060900  	8.355135 
4.925351  	8.378898 
4.791507  	8.299408 
4.659515  	8.313646 
4.529537  	8.320057 
4.401751  	8.339003 
4.276354  	8.356013 
4.153562  	8.448928 
4.033614  	8.384234 
3.916769  	8.352401 
3.803315  	8.307680 
3.693564  	8.297140 
3.587855  	8.324168 
3.486557  	8.327713 
3.390065  	8.316062 
3.298800  	8.325320 
3.213208  	8.348258 
3.133754  	8.342810 
3.060916  	8.374145 
2.995176  	8.351778 
2.937012  	8.408107 
2.886881  	8.355263 
2.845208  	8.393937 
2.812368  	8.396090 
2.788675  	8.406502 
2.774362  	8.397828 
2.769574  	8.379598 
2.774362  	8.380327 
2.788675  	8.353735 
2.812368  	8.355289 
2.845208  	8.355408 
2.886881  	8.354471 
2.937012  	8.369246 
2.995176  	8.347944 
3.060916  	8.344511 
3.133754  	8.332403 
3.213208  	8.365042 
3.298800  	8.398913 
3.390065  	8.390225 
3.486557  	8.370194 
3.587855  	8.416521 
3.693564  	8.399906 
3.803315  	8.379706 
3.916769  	8.301114 
4.033614  	8.382170 
4.153562  	8.409062 
4.276354  	8.402294 
4.401751  	8.303557 
4.529537  	8.334371 
4.659515  	8.191520 
6.850231  	8.254184 
6.703360  	8.068525 
6.557247  	8.192255 
6.411945  	8.239907 
6.267508  	8.140929 
6.123999  	8.194810 
5.981485  	8.144676 
5.840037  	8.280786 
5.699736  	8.215706 
5.560669  	8.232970 
5.422929  	8.216704 
5.286622  	8.339981 
5.151860  	8.340500 
5.018769  	8.355982 
4.887484  	8.359392 
4.758155  	8.338771 
4.630946  	8.262984 
4.506037  	8.338271 
4.383625  	8.274872 
4.263923  	8.320994 
4.147167  	8.325252 
4.033614  	8.365761 
3.923540  	8.324930 
3.817247  	8.290472 
3.715059  	8.317592 
3.617325  	8.306343 
3.524415  	8.305710 
3.436719  	8.330607 
3.354648  	8.328469 
3.278624  	8.315676 
3.209075  	8.329805 
3.146433  	8.367346 
3.091116  	8.386952 
3.043524  	8.356309 
3.004025  	8.372146 
2.972940  	8.402895 
2.950536  	8.349410 
2.937012  	8.383048 
2.932490  	8.392985 
2.937012  	8.372009 
2.950536  	8.378320 
2.972940  	8.339344 
3.004025  	8.380274 
3.043524  	8.336100 
3.091116  	8.366160 
3.146433  	8.374315 
3.209075  	8.383331 
3.278624  	8.372496 
3.354648  	8.377717 
3.436719  	8.365943 
3.524415  	8.386016 
3.617325  	8.369629 
3.715059  	8.396885 
3.817247  	8.353378 
3.923540  	8.372294 
4.033614  	8.344793 
4.147167  	8.326984 
4.263923  	8.341854 
4.383625  	8.334546 
4.506037  	8.378080 
4.630946  	8.367134 
4.758155  	8.298809 
6.921539  	8.177119 
6.776214  	8.225580 
6.631707  	8.119946 
6.488072  	8.259791 
6.345369  	8.131095 
6.203661  	8.320679 
6.063019  	8.475476 
5.923519  	8.431167 
5.785243  	8.270843 
5.648281  	8.311071 
5.512731  	8.224867 
5.378700  	8.212667 
5.246304  	8.278807 
5.115670  	8.361659 
4.986937  	8.315976 
4.860255  	8.303535 
4.735790  	8.327718 
4.613720  	8.325670 
4.494241  	8.346695 
4.377566  	8.421179 
4.263923  	8.323713 
4.153562  	8.336585 
4.046753  	8.325573 
3.943782  	8.317385 
3.844959  	8.304981 
3.750611  	8.325254 
3.661085  	8.320687 
3.576742  	8.317710 
3.497957  	8.345261 
3.425115  	8.381124 
3.358602  	8.325985 
3.298800  	8.350502 
3.246081  	8.378105 
3.200794  	8.307539 
3.163259  	8.392469 
3.133754  	8.395066 
3.112508  	8.391655 
3.099691  	8.344949 
3.095406  	8.366909 
3.099691  	8.384658 
3.112508  	8.368848 
3.133754  	8.362894 
3.163259  	8.354950 
3.200794  	8.360363 
3.246081  	8.342006 
3.298800  	8.372184 
3.358602  	8.401217 
3.425115  	8.378535 
3.497957  	8.421934 
3.576742  	8.366957 
3.661085  	8.350753 
3.750611  	8.346899 
3.844959  	8.343230 
3.943782  	8.286854 
4.046753  	8.261798 
4.153562  	8.345040 
4.263923  	8.371605 
4.377566  	8.319155 
4.494241  	8.321994 
4.613720  	8.403039 
4.735790  	8.312607 
4.860255  	8.357403 
6.995915  	8.276001 
6.852168  	8.095847 
6.709297  	8.244707 
6.567359  	8.244265 
6.426416  	8.240793 
6.286536  	7.972475 
6.147791  	8.190181 
6.010258  	8.254602 
5.874024  	8.250388 
5.739181  	8.345070 
5.605830  	8.271031 
5.474079  	8.308263 
5.344046  	8.422975 
5.215861  	8.317212 
5.089662  	8.303637 
4.965602  	8.355476 
4.843845  	8.324582 
4.724568  	8.322855 
4.607964  	8.342506 
4.494241  	8.394701 
4.383625  	8.353659 
4.276354  	8.293462 
4.172689  	8.283199 
4.072903  	8.309347 
3.977289  	8.336896 
3.886156  	8.296171 
3.799824  	8.326087 
3.718630  	8.337564 
3.642915  	8.344735 
3.573030  	8.366731 
3.509321  	8.338723 
3.452131  	8.338236 
3.401789  	8.311248 
3.358602  	8.355663 
3.322850  	8.327910 
3.294775  	8.381227 
3.274574  	8.362035 
3.262393  	8.376295 
3.258322  	8.410436 
3.262393  	8.386612 
3.274574  	8.325149 
3.294775  	8.362919 
3.322850  	8.371100 
3.358602  	8.359486 
3.401789  	8.379566 
3.452131  	8.384507 
3.509321  	8.402799 
3.573030  	8.366882 
3.642915  	8.365717 
3.718630  	8.392404 
3.799824  	8.367045 
3.886156  	8.298343 
3.977289  	8.295981 
4.072903  	8.255416 
4.172689  	8.241257 
4.276354  	8.305792 
4.383625  	8.238843 
4.494241  	8.296676 
4.607964  	8.322837 
4.724568  	8.316252 
4.843845  	8.271802 
4.965602  	8.298418 
7.073262  	8.323539 
6.931119  	8.239216 
6.789909  	8.214471 
6.649693  	8.268640 
6.510533  	8.269950 
6.372499  	8.212595 
6.235666  	8.223689 
6.100116  	8.230488 
5.965934  	8.129681 
5.833216  	8.196378 
5.702064  	8.321619 
5.572589  	8.237391 
5.444909  	8.337808 
5.319155  	8.401719 
5.195466  	8.308054 
5.073994  	8.398921 
4.954900  	8.351580 
4.838362  	8.372306 
4.724568  	8.343505 
4.613720  	8.357776 
4.506037  	8.363316 
4.401751  	8.309878 
4.301109  	8.303612 
4.204372  	8.258274 
4.111817  	8.341779 
4.023731  	8.341267 
3.940415  	8.338647 
3.862177  	8.352406 
3.789332  	8.334737 
3.722197  	8.346392 
3.661085  	8.309959 
3.606302  	8.344043 
3.558142  	8.375129 
3.516876  	8.335748 
3.482749  	8.299438 
3.455973  	8.326445 
3.436719  	8.383821 
3.425115  	8.378355 
3.421239  	8.426952 
3.425115  	8.371940 
3.436719  	8.350978 
3.455973  	8.339793 
3.482749  	8.392258 
3.516876  	8.341574 
3.558142  	8.400927 
3.606302  	8.385352 
3.661085  	8.329449 
3.722197  	8.395560 
3.789332  	8.384830 
3.862177  	8.398235 
3.940415  	8.362438 
4.023731  	8.215039 
4.111817  	8.300178 
4.204372  	8.331729 
4.301109  	8.336245 
4.401751  	8.287142 
4.506037  	8.321882 
4.613720  	8.313821 
4.724568  	8.253955 
4.838362  	8.322453 
4.954900  	8.295885 
5.073994  	8.274920 
7.153483  	8.200928 
7.012967  	8.284981 
6.873439  	8.366737 
6.734961  	8.304282 
6.597600  	8.312317 
6.461427  	8.252498 
6.326518  	8.272196 
6.192956  	8.134567 
6.060830  	8.267035 
5.930236  	8.305311 
5.801278  	8.302735 
5.674067  	8.269768 
5.548723  	8.365997 
5.425376  	8.328751 
5.304165  	8.293159 
5.185239  	8.508669 
5.068760  	8.315480 
4.954900  	8.329138 
4.843845  	8.332888 
4.735790  	8.330440 
4.630946  	8.361502 
4.529537  	8.328184 
4.431798  	8.301220 
4.337976  	8.211878 
4.248333  	8.256750 
4.163137  	8.308781 
4.082666  	8.313164 
4.007207  	8.349353 
3.937046  	8.374165 
3.872472  	8.355807 
3.813769  	8.317933 
3.761211  	8.329256 
3.715059  	8.324052 
3.675555  	8.362315 
3.642915  	8.311773 
3.617325  	8.348733 
3.598935  	8.372385 
3.587855  	8.353948 
3.584155  	8.364048 
3.587855  	8.361651 
3.598935  	8.397031 
3.617325  	8.380168 
3.642915  	8.373092 
3.675555  	8.355226 
3.715059  	8.371144 
3.761211  	8.382445 
3.813769  	8.395574 
3.872472  	8.323070 
3.937046  	8.389209 
4.007207  	8.443273 
4.082666  	8.355882 
4.163137  	8.336021 
4.248333  	8.393307 
4.337976  	8.348169 
4.431798  	8.305523 
4.529537  	8.285732 
4.630946  	8.271915 
4.735790  	8.222973 
4.843845  	8.357414 
4.954900  	8.320002 
5.068760  	8.249192 
5.185239  	8.164520 
7.236484  	8.233745 
7.097611  	7.595051 
6.959780  	8.239097 
6.823055  	8.308878 
6.687503  	8.291992 
6.553199  	8.381680 
6.420218  	8.333402 
6.288647  	8.287570 
6.158574  	8.305238 
6.030098  	8.339711 
5.903321  	8.305017 
5.778357  	8.257301 
5.655325  	8.311771 
5.534354  	8.301094 
5.415583  	8.278031 
5.299158  	8.259671 
5.185239  	8.250164 
5.073994  	8.278698 
4.965602  	8.287632 
4.860255  	8.362085 
4.758155  	8.359178 
4.659515  	8.355060 
4.564560  	8.292662 
4.473524  	8.385964 
4.386651  	8.349295 
4.304193  	8.281054 
4.226410  	8.334522 
4.153562  	8.349447 
4.085916  	8.281784 
4.023731  	8.348526 
3.967267  	8.306031 
3.916769  	8.329082 
3.872472  	8.300208 
3.834590  	8.311470 
3.803315  	8.295747 
3.778811  	8.351888 
3.761211  	8.305185 
3.750611  	8.329437 
3.747071  	8.363275 
3.750611  	8.397445 
3.761211  	8.442610 
3.778811  	8.403184 
3.803315  	8.357368 
3.834590  	8.378623 
3.872472  	8.391441 
3.916769  	8.381012 
3.967267  	8.383765 
4.023731  	8.339135 
4.085916  	8.305512 
4.153562  	8.348032 
4.226410  	8.329306 
4.304193  	8.323978 
4.386651  	8.204975 
4.473524  	8.214858 
4.564560  	8.295522 
4.659515  	8.331334 
4.758155  	8.282280 
4.860255  	8.207767 
4.965602  	8.334766 
5.073994  	8.379004 
5.185239  	8.318529 
5.299158  	8.348446 
7.322169  	8.175873 
7.184952  	8.271188 
7.048829  	8.236270 
6.913865  	8.198191 
6.780130  	8.301090 
6.647697  	8.387966 
6.516645  	8.374290 
6.387060  	8.349113 
6.259033  	8.275444 
6.132661  	8.348374 
6.008050  	8.317697 
5.885310  	8.309215 
5.764561  	8.295366 
5.645931  	8.265976 
5.529557  	8.303339 
5.415583  	8.279235 
5.304165  	8.241624 
5.195466  	8.297045 
5.089662  	8.271482 
4.986937  	8.300860 
4.887484  	8.318445 
4.791507  	8.307506 
4.699219  	8.208950 
4.610843  	8.288638 
4.526606  	8.374690 
4.446745  	8.341345 
4.371498  	8.266245 
4.301109  	8.264444 
4.235819  	8.204409 
4.175868  	8.334209 
4.121488  	8.333713 
4.072903  	8.284647 
4.030322  	8.273200 
3.993938  	8.318694 
3.963920  	8.294761 
3.940415  	8.351596 
3.923540  	8.294176 
3.913380  	8.335979 
3.909987  	8.398615 
3.913380  	8.362051 
3.923540  	8.412222 
3.940415  	8.355238 
3.963920  	8.376220 
3.993938  	8.395188 
4.030322  	8.398943 
4.072903  	8.417370 
4.121488  	8.375284 
4.175868  	8.391512 
4.235819  	8.354267 
4.301109  	8.373225 
4.371498  	8.263507 
4.446745  	8.216248 
4.526606  	8.305244 
4.610843  	8.292047 
4.699219  	8.314664 
4.791507  	8.194667 
4.887484  	8.254526 
4.986937  	8.300541 
5.089662  	8.298026 
5.195466  	8.399812 
5.304165  	8.287316 
5.415583  	8.296300 
7.410445  	8.346648 
7.274894  	8.346489 
7.140486  	8.347140 
7.007287  	8.341192 
6.875369  	8.288049 
6.744806  	8.289952 
6.615679  	8.353465 
6.488072  	8.375797 
6.362078  	8.324338 
6.237794  	8.351269 
6.115325  	8.303377 
5.994782  	8.386426 
5.876283  	8.344497 
5.759955  	8.237474 
5.645931  	8.328994 
5.534354  	8.335805 
5.425376  	8.301507 
5.319155  	8.297601 
5.215861  	8.311150 
5.115670  	8.233360 
5.018769  	8.298573 
4.925351  	8.160628 
4.835618  	8.308967 
4.749780  	8.216387 
4.668052  	8.221462 
4.590651  	8.233509 
4.517802  	8.238304 
4.449728  	8.353589 
4.386651  	8.189073 
4.328789  	8.261961 
4.276354  	8.257149 
4.229549  	8.297590 
4.188561  	8.299174 
4.153562  	8.295141 
4.124707  	8.294105 
4.102123  	8.315420 
4.085916  	8.324052 
4.076160  	8.362769 
4.072903  	8.351998 
4.076160  	8.377501 
4.085916  	8.390150 
4.102123  	8.330646 
4.124707  	8.376939 
4.153562  	8.409421 
4.188561  	8.326331 
4.229549  	8.424279 
4.276354  	8.332976 
4.328789  	8.406353 
4.386651  	8.366664 
4.449728  	8.377501 
4.517802  	8.277627 
4.590651  	8.357057 
4.668052  	8.288423 
4.749780  	8.274788 
4.835618  	8.269218 
4.925351  	8.280884 
5.018769  	8.343268 
5.115670  	8.327978 
5.215861  	8.306125 
5.319155  	8.247755 
5.425376  	8.240348 
5.534354  	8.242030 
7.501222  	8.175789 
7.367340  	8.365401 
7.234650  	8.291517 
7.103218  	8.344394 
6.973115  	8.309736 
6.844416  	8.378415 
6.717204  	8.451524 
6.591563  	8.407882 
6.467585  	8.314515 
6.345369  	8.364165 
6.225016  	8.338624 
6.106639  	8.379222 
5.990353  	8.374532 
5.876283  	8.337248 
5.764561  	8.297006 
5.655325  	8.276169 
5.548723  	8.255668 
5.444909  	8.296783 
5.344046  	8.319620 
5.246304  	8.287760 
5.151860  	8.273966 
5.060900  	8.240367 
4.973613  	8.308472 
4.890198  	8.219342 
4.810855  	8.205237 
4.735790  	8.296956 
4.665208  	8.260741 
4.599316  	8.330019 
4.538318  	8.256909 
4.482414  	8.274777 
4.431798  	8.310525 
4.386651  	8.269632 
4.347144  	8.319951 
4.313433  	8.296472 
4.285654  	8.255588 
4.263923  	8.280583 
4.248333  	8.184095 
4.238951  	8.310106 
4.235819  	8.321991 
4.238951  	8.388502 
4.248333  	8.344710 
4.263923  	8.351141 
4.285654  	8.341113 
4.313433  	8.360652 
4.347144  	8.370947 
4.386651  	8.388011 
4.431798  	8.421726 
4.482414  	8.381232 
4.538318  	8.364192 
4.599316  	8.271853 
4.665208  	8.287388 
4.735790  	8.183996 
4.810855  	8.284657 
4.890198  	8.296418 
4.973613  	8.315133 
5.060900  	8.314337 
5.151860  	8.341534 
5.246304  	8.264099 
5.344046  	8.252619 
5.444909  	8.279223 
5.548723  	8.218623 
5.655325  	8.483816 
7.594408  	8.211191 
7.462199  	8.341753 
7.331226  	8.390143 
7.201556  	8.250386 
7.073262  	8.584605 
6.946419  	8.251026 
6.821110  	8.365930 
6.697418  	8.441751 
6.575437  	8.413678 
6.455262  	8.368058 
6.336997  	8.346181 
6.220751  	8.644790 
6.106639  	8.637658 
5.994782  	8.359750 
5.885310  	8.356352 
5.778357  	8.304683 
5.674067  	8.239718 
5.572589  	8.198629 
5.474079  	8.284922 
5.378700  	8.186080 
5.286622  	8.313152 
5.198020  	8.265270 
5.113075  	8.343151 
5.031972  	8.385847 
4.954900  	8.178296 
4.882050  	8.250938 
4.813613  	8.258784 
4.749780  	8.185610 
4.690740  	8.195726 
4.636674  	8.414742 
4.587760  	8.410714 
4.544163  	8.356483 
4.506037  	8.350805 
4.473524  	8.280727 
4.446745  	8.382132 
4.425805  	8.321675 
4.410787  	8.369892 
4.401751  	8.324524 
4.398735  	8.306377 
4.401751  	8.346764 
4.410787  	8.282123 
4.425805  	8.318859 
4.446745  	8.264870 
4.473524  	8.368821 
4.506037  	8.363116 
4.544163  	8.355472 
4.587760  	8.375990 
4.636674  	8.369778 
4.690740  	8.329655 
4.749780  	8.222407 
4.813613  	8.268551 
4.882050  	8.286385 
4.954900  	8.247033 
5.031972  	8.249884 
5.113075  	8.279042 
5.198020  	8.293959 
5.286622  	8.332833 
5.378700  	8.330493 
5.474079  	8.203022 
5.572589  	8.249084 
5.674067  	8.363053 
5.778357  	8.259334 
7.689917  	8.210985 
7.559378  	8.287041 
7.430118  	8.177932 
7.302205  	8.327134 
7.175711  	8.332990 
7.050712  	8.216463 
6.927289  	8.330031 
6.805527  	8.315423 
6.685519  	8.416154 
6.567359  	8.347001 
6.451149  	8.287762 
6.336997  	8.701122 
6.225016  	8.310261 
6.115325  	8.255158 
6.008050  	8.312657 
5.903321  	8.210930 
5.801278  	8.270205 
5.702064  	8.245979 
5.605830  	8.351235 
5.512731  	8.337209 
5.422929  	8.279735 
5.336591  	8.176674 
5.253887  	8.229935 
5.174992  	8.269120 
5.100081  	8.259001 
5.029334  	8.249059 
4.962929  	8.284529 
4.901041  	8.140269 
4.843845  	8.138202 
4.791507  	8.289250 
4.744189  	8.299709 
4.702043  	8.330314 
4.665208  	8.297251 
4.633811  	8.299619 
4.607964  	8.355330 
4.587760  	8.410428 
4.573273  	8.357568 
4.564560  	8.295957 
4.561651  	8.201279 
4.564560  	8.211398 
4.573273  	8.293239 
4.587760  	8.291409 
4.607964  	8.320903 
4.633811  	8.367687 
4.665208  	8.349938 
4.702043  	8.387781 
4.744189  	8.384009 
4.791507  	8.360406 
4.843845  	8.335466 
4.901041  	8.243763 
4.962929  	8.270562 
5.029334  	8.422288 
5.100081  	8.157958 
5.174992  	8.297955 
5.253887  	8.294731 
5.336591  	8.274896 
5.422929  	8.265754 
5.512731  	8.134978 
5.605830  	8.172123 
5.702064  	8.285362 
5.801278  	8.241483 
5.903321  	8.138479 
7.787663  	8.374407 
7.658791  	8.071182 
7.531237  	8.350429 
7.405071  	8.314161 
7.280364  	8.327401 
7.157193  	8.238156 
7.035638  	8.194058 
6.915785  	8.300475 
6.797723  	8.385345 
6.681548  	8.387923 
6.567359  	8.314241 
6.455262  	8.587354 
6.345369  	8.358494 
6.237794  	8.383539 
6.132661  	8.277182 
6.030098  	8.336061 
5.930236  	8.241085 
5.833216  	8.278031 
5.739181  	8.304002 
5.648281  	8.319950 
5.560669  	8.428568 
5.476502  	8.620804 
5.395943  	8.239490 
5.319155  	8.140692 
5.246304  	8.022627 
5.177555  	8.179087 
5.113075  	8.289430 
5.053027  	8.277394 
4.997570  	8.317131 
4.946859  	8.330528 
4.901041  	8.210676 
4.860255  	8.334836 
4.824628  	8.334250 
4.794276  	8.371270 
4.769298  	8.236318 
4.749780  	8.279628 
4.735790  	8.213409 
4.727376  	8.295537 
4.724568  	8.296168 
4.727376  	8.295453 
4.735790  	8.310055 
4.749780  	8.296421 
4.769298  	8.398233 
4.794276  	8.374477 
4.824628  	8.365979 
4.860255  	8.330958 
4.901041  	8.346314 
4.946859  	8.382938 
4.997570  	8.232919 
5.053027  	8.308454 
5.113075  	8.260236 
5.177555  	8.352972 
5.246304  	8.285065 
5.319155  	8.231872 
5.395943  	8.200687 
5.476502  	8.292207 
5.560669  	8.251047 
5.648281  	8.261924 
5.739181  	8.017598 
5.833216  	8.223952 
5.930236  	8.214942 
6.030098  	8.332211 
7.887564  	8.273067 
7.760350  	8.326363 
7.634494  	8.196473 
7.510062  	8.168412 
7.387128  	8.360794 
7.265767  	8.297852 
7.146059  	8.247287 
7.028089  	8.233734 
6.911946  	8.317909 
6.797723  	8.235873 
6.685519  	8.362055 
6.575437  	8.519431 
6.467585  	8.525301 
6.362078  	8.378640 
6.259033  	8.156458 
6.158574  	8.231557 
6.060830  	8.238636 
5.965934  	8.109666 
5.874024  	8.199384 
5.785243  	8.351282 
5.699736  	8.295255 
5.617654  	8.282432 
5.539148  	8.223134 
5.464373  	8.265874 
5.393483  	8.176523 
5.326635  	8.243254 
5.263981  	8.243498 
5.205674  	8.327687 
5.151860  	8.269627 
5.102683  	8.250747 
5.058277  	8.277377 
5.018769  	8.218271 
4.984275  	8.319649 
4.954900  	8.340788 
4.930737  	7.976369 
4.911860  	8.258519 
4.898333  	8.265795 
4.890198  	8.222872 
4.887484  	8.304592 
4.890198  	8.207393 
4.898333  	8.225568 
4.911860  	8.350265 
4.930737  	8.323272 
4.954900  	8.320490 
4.984275  	8.354962 
5.018769  	8.379608 
5.058277  	8.217161 
5.102683  	8.267432 
5.151860  	8.240986 
5.205674  	8.263449 
5.263981  	8.234511 
5.326635  	8.310278 
5.393483  	8.250419 
5.464373  	8.262382 
5.539148  	8.173144 
5.617654  	8.269520 
5.699736  	8.166010 
5.785243  	8.380453 
5.874024  	8.369288 
5.965934  	8.299382 
6.060830  	8.232242 
6.158574  	7.966724 
7.989537  	8.126099 
7.863973  	8.258953 
7.739802  	8.236324 
7.617091  	8.251180 
7.495912  	8.127552 
7.376341  	8.570271 
7.258457  	8.383161 
7.142344  	8.403258 
7.028089  	8.306903 
6.915785  	8.308530 
6.805527  	8.327525 
6.697418  	8.385632 
6.591563  	8.454816 
6.488072  	8.375713 
6.387060  	8.372594 
6.288647  	8.347737 
6.192956  	8.306731 
6.100116  	8.290397 
6.010258  	8.281286 
5.923519  	8.224774 
5.840037  	8.294647 
5.759955  	8.228192 
5.683415  	8.365586 
5.610563  	8.293713 
5.541543  	7.994448 
5.476502  	8.264243 
5.415583  	8.309671 
5.358925  	8.291995 
5.306666  	8.305115 
5.258936  	8.190007 
5.215861  	8.241712 
5.177555  	8.208725 
5.144127  	8.200714 
5.115670  	8.262760 
5.092269  	8.162054 
5.073994  	8.276168 
5.060900  	8.281194 
5.053027  	8.282227 
5.050400  	8.296384 
5.053027  	8.262559 
5.060900  	8.249314 
5.073994  	8.276091 
5.092269  	8.324028 
5.115670  	8.222017 
5.144127  	8.318087 
5.177555  	8.247038 
5.215861  	8.202154 
5.258936  	8.208782 
5.306666  	8.300700 
5.358925  	8.336932 
5.415583  	8.155656 
5.476502  	7.924718 
5.541543  	8.212729 
5.610563  	8.258634 
5.683415  	8.195917 
5.759955  	8.021472 
5.840037  	8.358510 
5.923519  	8.372000 
6.010258  	8.135208 
6.100116  	8.274231 
6.192956  	8.377745 
6.288647  	8.294333 
8.093505  	8.120148 
7.969580  	7.936096 
7.847080  	8.162467 
7.726073  	8.294513 
7.606630  	8.256192 
7.488827  	8.246993 
7.372742  	8.317514 
7.258457  	8.228516 
7.146059  	7.987931 
7.035638  	8.184080 
6.927289  	8.335707 
6.821110  	8.165990 
6.717204  	8.154861 
6.615679  	8.326702 
6.516645  	8.332767 
6.420218  	8.261320 
6.326518  	8.145655 
6.235666  	8.343475 
6.147791  	8.368572 
6.063019  	8.020196 
5.981485  	8.315595 
5.903321  	8.212091 
5.828664  	8.504955 
5.757650  	8.341826 
5.690416  	8.209983 
5.627096  	8.052218 
5.567824  	8.252571 
5.512731  	8.278385 
5.461944  	8.322943 
5.415583  	8.349377 
5.373763  	8.305743 
5.336591  	8.235720 
5.304165  	8.293435 
5.276571  	8.261201 
5.253887  	8.053750 
5.236176  	8.145066 
5.223488  	8.355890 
5.215861  	8.202229 
5.213316  	8.211221 
5.215861  	8.252184 
5.223488  	8.295251 
5.236176  	8.314868 
5.253887  	8.222305 
5.276571  	8.099920 
5.304165  	8.216969 
5.336591  	8.317268 
5.373763  	8.245597 
5.415583  	8.084102 
5.461944  	8.368732 
5.512731  	8.190842 
5.567824  	8.313843 
5.627096  	8.283487 
5.690416  	8.338581 
5.757650  	8.195260 
5.828664  	8.321160 
5.903321  	8.174488 
5.981485  	8.317943 
6.063019  	8.275393 
6.147791  	8.258070 
6.235666  	8.067395 
6.326518  	8.269458 
6.420218  	8.065420 
8.199392  	8.195975 
8.077092  	7.715475 
7.956247  	8.313390 
7.836926  	8.271073 
7.719199  	8.236314 
7.603140  	8.298349 
7.488827  	8.210604 
7.376341  	8.377421 
7.265767  	8.115698 
7.157193  	8.379536 
7.050712  	8.239524 
6.946419  	8.228836 
6.844416  	7.942172 
6.744806  	8.363268 
6.647697  	8.226635 
6.553199  	8.298965 
6.461427  	8.230450 
6.372499  	8.322021 
6.286536  	8.293878 
6.203661  	8.273794 
6.123999  	8.133033 
6.047678  	8.324827 
5.974825  	8.266908 
5.905569  	8.265358 
5.840037  	8.297109 
5.778357  	8.292060 
5.720653  	8.087392 
5.667046  	8.407886 
5.617654  	8.227486 
5.572589  	8.274127 
5.531956  	8.433726 
5.495854  	8.085728 
5.464373  	8.056935 
5.437593  	8.172929 
5.415583  	8.304952 
5.398402  	8.322408 
5.386097  	8.298195 
5.378700  	8.158291 
5.376232  	8.137313 
5.378700  	8.175557 
5.386097  	8.255964 
5.398402  	8.214611 
5.415583  	7.949176 
5.437593  	8.198709 
5.464373  	8.300718 
5.495854  	8.349418 
5.531956  	8.219836 
5.572589  	8.251185 
5.617654  	8.421208 
5.667046  	8.314495 
5.720653  	8.313329 
5.778357  	8.334341 
5.840037  	7.989952 
5.905569  	8.377673 
5.974825  	8.169798 
6.047678  	8.012383 
6.123999  	8.311022 
6.203661  	8.193435 
6.286536  	8.068233 
6.372499  	8.120938 
6.461427  	8.389371 
6.553199  	8.272576 
8.307125  	8.303883 
8.186434  	8.374096 
8.067227  	8.238531 
7.949572  	8.106165 
7.833538  	8.387694 
7.719199  	8.452129 
7.606630  	8.224748 
7.495912  	8.565314 
7.387128  	8.240321 
7.280364  	8.193110 
7.175711  	8.031938 
7.073262  	7.910453 
6.973115  	8.132652 
6.875369  	8.272556 
6.780130  	8.074403 
6.687503  	8.084120 
6.597600  	8.200741 
6.510533  	8.201585 
6.426416  	8.221052 
6.345369  	8.249118 
6.267508  	8.168165 
6.192956  	8.320490 
6.121832  	8.255593 
6.054258  	8.109987 
5.990353  	8.358146 
5.930236  	8.453763 
5.874024  	8.306989 
5.821830  	8.400360 
5.773762  	8.210439 
5.729925  	8.357063 
5.690416  	8.223802 
5.655325  	8.203943 
5.624737  	8.276191 
5.598723  	8.580868 
5.577350  	8.286807 
5.560669  	8.344455 
5.548723  	8.362746 
5.541543  	8.240011 
5.539148  	8.191671 
5.541543  	8.328897 
5.548723  	8.023464 
5.560669  	8.049331 
5.577350  	8.285800 
5.598723  	8.278123 
5.624737  	8.180359 
5.655325  	8.281125 
5.690416  	8.351463 
5.729925  	8.235839 
5.773762  	8.259727 
5.821830  	8.218618 
5.874024  	8.366900 
5.930236  	8.327014 
5.990353  	8.161850 
6.054258  	8.226298 
6.121832  	8.452314 
6.192956  	8.329088 
6.267508  	8.268088 
6.345369  	8.100404 
6.426416  	8.281459 
6.510533  	8.377742 
6.597600  	8.433326 
6.687503  	8.304516 
