2983.388677  	8.319797 
2946.781295  	8.231033 
2911.120746  	8.288225 
2876.442247  	8.306789 
2842.781736  	8.046408 
2810.175795  	8.009276 
2778.661548  	8.294674 
2748.276551  	8.275300 
2719.058661  	8.313338 
2691.045893  	8.198502 
2664.276262  	7.990173 
2638.787600  	8.294651 
2614.617372  	8.403691 
2591.802462  	8.308142 
2570.378960  	8.210705 
2550.381932  	7.983473 
2531.845177  	7.855310 
2514.800986  	7.604291 
2499.279896  	8.208652 
2485.310443  	8.199827 
2472.918923  	8.101016 
2462.129160  	8.321223 
2452.962291  	8.501328 
2445.436566  	8.188860 
2439.567175  	8.204793 
2435.366092  	8.274301 
2432.841960  	8.590052 
2432.000000  	8.285042 
2432.841960  	8.349256 
2435.366092  	8.311669 
2439.567175  	8.267099 
2445.436566  	8.317853 
2452.962291  	8.394312 
2462.129160  	8.433530 
2472.918923  	8.345184 
2485.310443  	8.287088 
2499.279896  	8.295912 
2514.800986  	8.387360 
2531.845177  	8.449525 
2550.381932  	8.331100 
2570.378960  	8.453683 
2591.802462  	8.366457 
2614.617372  	8.333327 
2638.787600  	8.315972 
2664.276262  	8.351028 
2691.045893  	8.410678 
2719.058661  	8.460380 
2748.276551  	8.347063 
2778.661548  	8.376452 
2810.175795  	8.417382 
2842.781736  	8.511372 
2876.442247  	8.457821 
2911.120746  	8.491779 
2946.781295  	8.423474 
2983.388677  	8.427164 
3020.908473  	8.466155 
3059.307111  	8.366086 
3098.551920  	8.376091 
3138.611158  	8.307334 
3179.454041  	8.241930 
3221.050760  	8.298034 
3263.372489  	8.266818 
2931.451518  	7.970370 
2894.187278  	7.985396 
2857.870536  	8.206056 
2822.537865  	8.284713 
2788.226677  	8.141242 
2754.975136  	8.142773 
2722.822065  	8.283069 
2691.806828  	8.077030 
2661.969196  	8.293222 
2633.349198  	8.242906 
2605.986953  	7.893323 
2579.922479  	8.006862 
2555.195492  	8.189339 
2531.845177  	8.256160 
2509.909959  	8.126013 
2489.427243  	7.833509 
2470.433160  	8.222976 
2452.962291  	8.157474 
2437.047394  	8.204858 
2422.719134  	8.187977 
2410.005809  	8.262661 
2398.933096  	8.299930 
2389.523802  	8.297124 
2381.797640  	8.271754 
2375.771033  	8.457478 
2371.456936  	8.418930 
2368.864707  	8.363712 
2368.000000  	8.374519 
2368.864707  	8.347029 
2371.456936  	8.343777 
2375.771033  	8.512395 
2381.797640  	8.270574 
2389.523802  	8.353054 
2398.933096  	8.340170 
2410.005809  	8.252175 
2422.719134  	8.250575 
2437.047394  	8.305230 
2452.962291  	8.336294 
2470.433160  	8.315495 
2489.427243  	8.328640 
2509.909959  	8.426326 
2531.845177  	8.346219 
2555.195492  	8.330309 
2579.922479  	8.349105 
2605.986953  	8.322224 
2633.349198  	8.328900 
2661.969196  	8.394360 
2691.806828  	8.404435 
2722.822065  	8.445912 
2754.975136  	8.432918 
2788.226677  	8.426364 
2822.537865  	8.445682 
2857.870536  	8.440597 
2894.187278  	8.460562 
2931.451518  	8.470338 
2969.627586  	8.342655 
3008.680774  	8.307316 
3048.577373  	8.439297 
3089.284707  	8.235179 
3130.771151  	8.460249 
3173.006146  	8.310390 
3215.960199  	8.320988 
2880.000000  	8.189270 
2842.061224  	8.260399 
2805.069696  	8.182837 
2769.063380  	8.234230 
2734.081199  	8.214567 
2700.162958  	8.481769 
2667.349246  	8.038467 
2635.681316  	8.099639 
2605.200952  	8.246524 
2575.950310  	8.153628 
2547.971742  	8.265369 
2521.307597  	8.254623 
2496.000000  	8.125417 
2472.090613  	8.202729 
2449.620379  	8.087709 
2428.629243  	8.118554 
2409.155869  	8.228901 
2391.237337  	8.240844 
2374.908840  	8.261370 
2360.203381  	8.240314 
2347.151465  	8.273104 
2335.780812  	8.296306 
2326.116076  	8.309817 
2318.178595  	8.313582 
2311.986159  	8.338237 
2307.552816  	8.406917 
2304.888717  	8.335086 
2304.000000  	8.327324 
2304.888717  	8.359335 
2307.552816  	8.317244 
2311.986159  	8.313967 
2318.178595  	8.312161 
2326.116076  	8.341872 
2335.780812  	8.358497 
2347.151465  	8.302030 
2360.203381  	8.409329 
2374.908840  	8.414275 
2391.237337  	8.332243 
2409.155869  	8.348904 
2428.629243  	8.326586 
2449.620379  	8.369962 
2472.090613  	8.400162 
2496.000000  	8.384600 
2521.307597  	8.386712 
2547.971742  	8.381525 
2575.950310  	8.451425 
2605.200952  	8.392843 
2635.681316  	8.426196 
2667.349246  	8.412991 
2700.162958  	8.420830 
2734.081199  	8.419712 
2769.063380  	8.505303 
2805.069696  	8.426940 
2842.061224  	8.413131 
2880.000000  	8.427550 
2918.849088  	8.384684 
2958.572629  	8.343166 
2999.135876  	8.305452 
3040.505221  	8.371593 
3082.648212  	8.251371 
3125.533554  	8.435063 
3169.131111  	8.372652 
2829.060621  	8.227029 
2790.429358  	8.169179 
2752.744085  	8.114811 
2716.044182  	8.258155 
2680.370124  	8.266807 
2645.763406  	8.210199 
2612.266449  	8.253596 
2579.922479  	8.227735 
2548.775392  	8.416003 
2518.869588  	8.239856 
2490.249787  	8.172291 
2462.960820  	8.352476 
2437.047394  	8.144882 
2412.553834  	8.081824 
2389.523802  	8.220590 
2368.000000  	8.293593 
2348.023850  	8.082865 
2329.635165  	8.232022 
2312.871808  	7.946003 
2297.769353  	8.257898 
2284.360742  	8.251084 
2272.675956  	8.295339 
2262.741700  	8.274700 
2254.581114  	8.305236 
2248.213513  	8.322183 
2243.654162  	8.384454 
2240.914099  	8.359328 
2240.000000  	8.316722 
2240.914099  	8.345287 
2243.654162  	8.301131 
2248.213513  	8.338895 
2254.581114  	8.333539 
2262.741700  	8.372387 
2272.675956  	8.389380 
2284.360742  	8.317774 
2297.769353  	8.343411 
2312.871808  	8.305548 
2329.635165  	8.303354 
2348.023850  	8.360500 
2368.000000  	8.405618 
2389.523802  	8.355495 
2412.553834  	8.348680 
2437.047394  	8.407764 
2462.960820  	8.579209 
2490.249787  	8.408644 
2518.869588  	8.388262 
2548.775392  	8.413164 
2579.922479  	8.381692 
2612.266449  	8.399619 
2645.763406  	8.424521 
2680.370124  	8.418370 
2716.044182  	8.440559 
2752.744085  	8.409058 
2790.429358  	8.421783 
2829.060621  	8.384023 
2868.599658  	8.401587 
2909.009453  	8.379885 
2950.254226  	8.265499 
2992.299450  	8.284160 
3035.111860  	8.215953 
3078.659449  	8.352705 
3122.911462  	8.349054 
2778.661548  	8.427061 
2739.319624  	8.150691 
2700.921324  	8.269979 
2663.507462  	8.220925 
2627.120096  	8.274166 
2591.802462  	8.198905 
2557.598874  	8.230625 
2524.554614  	8.209242 
2492.715788  	8.002713 
2462.129160  	8.212133 
2432.841960  	8.221678 
2404.901661  	8.383128 
2378.355735  	8.218389 
2353.251368  	8.278244 
2329.635165  	8.306216 
2307.552816  	8.241176 
2287.048753  	8.292523 
2268.165779  	8.275689 
2250.944691  	8.350154 
2235.423897  	8.310073 
2221.639035  	8.264911 
2209.622592  	8.289340 
2199.403556  	8.300220 
2191.007074  	8.302551 
2184.454165  	8.342784 
2179.761455  	8.391347 
2176.940973  	8.366469 
2176.000000  	8.349045 
2176.940973  	8.315581 
2179.761455  	8.305734 
2184.454165  	8.296696 
2191.007074  	8.377401 
2199.403556  	8.322886 
2209.622592  	8.340722 
2221.639035  	8.313497 
2235.423897  	8.327141 
2250.944691  	8.346378 
2268.165779  	8.380226 
2287.048753  	8.430918 
2307.552816  	8.374293 
2329.635165  	8.419504 
2353.251368  	8.445607 
2378.355735  	8.412728 
2404.901661  	8.430253 
2432.841960  	8.425752 
2462.129160  	8.413798 
2492.715788  	8.414753 
2524.554614  	8.400900 
2557.598874  	8.429792 
2591.802462  	8.374113 
2627.120096  	8.521834 
2663.507462  	8.390076 
2700.921324  	8.424948 
2739.319624  	8.368077 
2778.661548  	8.440423 
2818.907590  	8.401233 
2860.019580  	8.302015 
2901.960716  	8.343696 
2944.695570  	8.300733 
2988.190088  	8.230493 
3032.411582  	8.321620 
3077.328712  	8.346288 
2728.832717  	8.295413 
2688.761797  	8.261169 
2649.630918  	8.023832 
2611.482338  	8.164673 
2574.359726  	8.174454 
2538.308098  	8.188241 
2503.373724  	8.060641 
2469.604017  	8.082626 
2437.047394  	8.267246 
2405.753105  	7.980573 
2375.771033  	8.257145 
2347.151465  	7.888892 
2319.944827  	8.249933 
2294.201386  	8.277131 
2269.970925  	8.256041 
2247.302383  	8.254091 
2226.243473  	7.993407 
2206.840275  	8.267352 
2189.136816  	8.300321 
2173.174636  	8.294051 
2158.992358  	8.280025 
2146.625258  	8.313824 
2136.104866  	8.400356 
2127.458578  	8.356156 
2120.709315  	8.386966 
2115.875233  	8.399392 
2112.969474  	8.414820 
2112.000000  	8.414272 
2112.969474  	8.373373 
2115.875233  	8.332864 
2120.709315  	8.348613 
2127.458578  	8.410199 
2136.104866  	8.354607 
2146.625258  	8.417762 
2158.992358  	8.385057 
2173.174636  	8.326574 
2189.136816  	8.351759 
2206.840275  	8.403875 
2226.243473  	8.411473 
2247.302383  	8.393265 
2269.970925  	8.434842 
2294.201386  	8.434884 
2319.944827  	8.406277 
2347.151465  	8.431386 
2375.771033  	8.412140 
2405.753105  	8.467417 
2437.047394  	8.389440 
2469.604017  	8.408796 
2503.373724  	8.431768 
2538.308098  	8.394698 
2574.359726  	8.455358 
2611.482338  	8.535031 
2649.630918  	8.427100 
2688.761797  	8.381353 
2728.832717  	8.409215 
2769.802881  	8.354859 
2811.632977  	8.325187 
2854.285199  	8.287414 
2897.723244  	8.232633 
2941.912303  	8.230275 
2986.819044  	8.366568 
3032.411582  	8.319087 
2679.605941  	8.301458 
2638.787600  	8.237104 
2598.904385  	8.229076 
2560.000000  	8.256858 
2522.119743  	8.417852 
2485.310443  	8.178813 
2449.620379  	8.240442 
2415.099170  	8.096369 
2381.797640  	8.008116 
2349.767648  	8.311568 
2319.061879  	8.293704 
2289.733609  	7.936040 
2261.836422  	8.152754 
2235.423897  	8.209057 
2210.549253  	8.270817 
2187.264959  	8.217617 
2165.622312  	8.210882 
2145.670991  	8.250574 
2127.458578  	8.274107 
2111.030080  	8.295833 
2096.427437  	8.330882 
2083.689036  	8.268733 
2072.849247  	8.326404 
2063.937984  	8.353989 
2056.980311  	8.380266 
2051.996101  	8.378063 
2048.999756  	8.399633 
2048.000000  	8.376218 
2048.999756  	8.383536 
2051.996101  	8.388538 
2056.980311  	8.380832 
2063.937984  	8.387196 
2072.849247  	8.318107 
2083.689036  	8.334382 
2096.427437  	8.373358 
2111.030080  	8.365594 
2127.458578  	8.378028 
2145.670991  	8.382180 
2165.622312  	8.436501 
2187.264959  	8.384691 
2210.549253  	8.407395 
2235.423897  	8.389737 
2261.836422  	8.400483 
2289.733609  	8.420552 
2319.061879  	8.417725 
2349.767648  	8.421611 
2381.797640  	8.398904 
2415.099170  	8.407362 
2449.620379  	8.420237 
2485.310443  	8.448468 
2522.119743  	8.440140 
2560.000000  	8.509243 
2598.904385  	8.483248 
2638.787600  	8.386516 
2679.605941  	8.338227 
2721.317328  	8.476504 
2763.881329  	8.345536 
2807.259162  	8.411924 
2851.413684  	8.355523 
2896.309376  	8.516798 
2941.912303  	8.278581 
2988.190088  	8.264022 
2631.015013  	8.436917 
2589.430825  	8.053604 
2548.775392  	8.195322 
2509.093860  	8.109944 
2470.433160  	8.169427 
2432.841960  	8.123501 
2396.370589  	8.196956 
2361.070943  	8.074650 
2326.996347  	7.974075 
2294.201386  	8.268801 
2262.741700  	8.254636 
2232.673733  	8.247071 
2204.054446  	8.252568 
2176.940973  	8.232745 
2151.390248  	8.267198 
2127.458578  	8.313446 
2105.201178  	8.251902 
2084.671677  	8.230762 
2065.921586  	8.273805 
2048.999756  	8.328754 
2033.951819  	8.340008 
2020.819636  	8.337273 
2009.640764  	8.351361 
2000.447950  	8.369425 
1993.268672  	8.372582 
1988.124745  	8.370619 
1985.031990  	8.376899 
1984.000000  	8.363380 
1985.031990  	8.349359 
1988.124745  	8.334251 
1993.268672  	8.307695 
2000.447950  	8.352198 
2009.640764  	8.335913 
2020.819636  	8.346818 
2033.951819  	8.354780 
2048.999756  	8.428209 
2065.921586  	8.392438 
2084.671677  	8.396145 
2105.201178  	8.425276 
2127.458578  	8.410129 
2151.390248  	8.441514 
2176.940973  	8.416410 
2204.054446  	8.411154 
2232.673733  	8.432759 
2262.741700  	8.418569 
2294.201386  	8.393261 
2326.996347  	8.399169 
2361.070943  	8.394457 
2396.370589  	8.377864 
2432.841960  	8.396312 
2470.433160  	8.414701 
2509.093860  	8.391700 
2548.775392  	8.364127 
2589.430825  	8.343352 
2631.015013  	8.260830 
2673.484617  	8.295336 
2716.798115  	8.422373 
2760.915790  	8.259899 
2805.799708  	8.339541 
2851.413684  	8.350941 
2897.723244  	8.306759 
2944.695570  	8.253923 
2583.095817  	8.265945 
2540.727455  	8.259065 
2499.279896  	8.150795 
2458.799707  	7.857932 
2419.335446  	8.193241 
2380.937630  	8.171747 
2343.658678  	8.095210 
2307.552816  	8.158982 
2272.675956  	8.240186 
2239.085528  	8.178323 
2206.840275  	8.261172 
2176.000000  	8.152057 
2146.625258  	8.217689 
2118.777006  	8.146211 
2092.516189  	8.256267 
2067.903286  	8.197971 
2044.997800  	8.173446 
2023.857703  	8.242139 
2004.538850  	8.324005 
1987.094361  	8.294943 
1971.573990  	8.340092 
1958.023493  	8.377920 
1946.484010  	8.362253 
1936.991482  	8.360876 
1929.576119  	8.384849 
1924.261936  	8.382025 
1921.066371  	8.375762 
1920.000000  	8.355687 
1921.066371  	8.357537 
1924.261936  	8.341296 
1929.576119  	8.345475 
1936.991482  	8.371384 
1946.484010  	8.358148 
1958.023493  	8.364547 
1971.573990  	8.386584 
1987.094361  	8.409085 
2004.538850  	8.409871 
2023.857703  	8.430765 
2044.997800  	8.433933 
2067.903286  	8.419440 
2092.516189  	8.424238 
2118.777006  	8.412187 
2146.625258  	8.425526 
2176.000000  	8.420271 
2206.840275  	8.418272 
2239.085528  	8.413531 
2272.675956  	8.421303 
2307.552816  	8.400846 
2343.658678  	8.378344 
2380.937630  	8.379287 
2419.335446  	8.403344 
2458.799707  	8.377745 
2499.279896  	8.332244 
2540.727455  	8.337483 
2583.095817  	8.309241 
2626.340420  	8.327801 
2670.418694  	8.330086 
2715.290040  	8.218356 
2760.915790  	8.285903 
2807.259162  	8.287552 
2854.285199  	8.302626 
2901.960716  	8.317463 
2535.886433  	8.301688 
2492.715788  	8.271763 
2450.456284  	8.279889 
2409.155869  	8.187103 
2368.864707  	8.335961 
2329.635165  	8.297535 
2291.521765  	8.177290 
2254.581114  	8.208327 
2218.871785  	8.181187 
2184.454165  	8.121142 
2151.390248  	8.248509 
2119.743381  	8.157953 
2089.577948  	8.084249 
2060.959000  	8.022288 
2033.951819  	8.235926 
2008.621418  	8.252472 
1985.031990  	8.200052 
1963.246291  	8.247012 
1943.324986  	8.262298 
1925.325946  	8.334862 
1909.303538  	8.382013 
1895.307891  	8.372233 
1883.384188  	8.361783 
1873.571990  	8.351579 
1865.904606  	8.370631 
1860.408557  	8.375621 
1857.103120  	8.386470 
1856.000000  	8.346401 
1857.103120  	8.334170 
1860.408557  	8.320075 
1865.904606  	8.349674 
1873.571990  	8.340653 
1883.384188  	8.382151 
1895.307891  	8.388952 
1909.303538  	8.406940 
1925.325946  	8.406967 
1943.324986  	8.391316 
1963.246291  	8.408647 
1985.031990  	8.444072 
2008.621418  	8.417477 
2033.951819  	8.434858 
2060.959000  	8.446684 
2089.577948  	8.427611 
2119.743381  	8.413977 
2151.390248  	8.408524 
2184.454165  	8.412552 
2218.871785  	8.394198 
2254.581114  	8.443604 
2291.521765  	8.390939 
2329.635165  	8.391334 
2368.864707  	8.376915 
2409.155869  	8.370592 
2450.456284  	8.358729 
2492.715788  	8.366849 
2535.886433  	8.321023 
2579.922479  	8.290945 
2624.780372  	8.403639 
2670.418694  	8.285782 
2716.798115  	8.400503 
2763.881329  	8.231416 
2811.632977  	8.293954 
2860.019580  	8.241727 
2489.427243  	8.235496 
2445.436566  	8.293449 
2402.345521  	8.301824 
2360.203381  	8.295080 
2319.061879  	8.311792 
2278.975208  	8.242951 
2240.000000  	8.161290 
2202.195268  	8.230717 
2165.622312  	8.245604 
2130.344573  	8.175619 
2096.427437  	8.179726 
2063.937984  	8.235341 
2032.944662  	8.289276 
2003.516908  	8.238931 
1975.724677  	8.257672 
1949.637915  	8.237069 
1925.325946  	8.224682 
1902.856800  	8.217581 
1882.296470  	8.301884 
1863.708132  	8.342631 
1847.151320  	8.334351 
1832.681096  	8.347183 
1820.347220  	8.384671 
1810.193360  	8.386839 
1802.256364  	8.396166 
1796.565612  	8.376541 
1793.142493  	8.386613 
1792.000000  	8.364479 
1793.142493  	8.334398 
1796.565612  	8.343111 
1802.256364  	8.364945 
1810.193360  	8.380440 
1820.347220  	8.383671 
1832.681096  	8.420913 
1847.151320  	8.406509 
1863.708132  	8.416144 
1882.296470  	8.434733 
1902.856800  	8.442180 
1925.325946  	8.425607 
1949.637915  	8.433961 
1975.724677  	8.439852 
2003.516908  	8.440387 
2032.944662  	8.427139 
2063.937984  	8.422638 
2096.427437  	8.419421 
2130.344573  	8.421478 
2165.622312  	8.405773 
2202.195268  	8.391867 
2240.000000  	8.363550 
2278.975208  	8.365412 
2319.061879  	8.375098 
2360.203381  	8.358578 
2402.345521  	8.367264 
2445.436566  	8.384451 
2489.427243  	8.351065 
2534.270704  	8.358607 
2579.922479  	8.344924 
2626.340420  	8.334956 
2673.484617  	8.388298 
2721.317328  	8.327953 
2769.802881  	8.358615 
2818.907590  	8.330711 
2443.761036  	8.208428 
2398.933096  	8.226795 
2354.991295  	8.275883 
2311.986159  	8.203076 
2269.970925  	8.259272 
2229.001570  	8.226431 
2189.136816  	8.265796 
2150.438095  	8.086294 
2112.969474  	8.249980 
2076.797535  	7.995401 
2041.991185  	8.198016 
2008.621418  	8.158740 
1976.760987  	8.322344 
1946.484010  	8.228554 
1917.865480  	8.208223 
1890.980698  	8.156518 
1865.904606  	8.324430 
1842.711046  	8.262417 
1821.471932  	8.268248 
1802.256364  	8.290986 
1785.129687  	8.365621 
1770.152536  	8.359066 
1757.379868  	8.389945 
1746.860040  	8.399222 
1738.633947  	8.400356 
1732.734255  	8.372799 
1729.184779  	8.370918 
1728.000000  	8.390330 
1729.184779  	8.344742 
1732.734255  	8.371919 
1738.633947  	8.346589 
1746.860040  	8.371193 
1757.379868  	8.371232 
1770.152536  	8.402274 
1785.129687  	8.416942 
1802.256364  	8.427165 
1821.471932  	8.433219 
1842.711046  	8.451593 
1865.904606  	8.456892 
1890.980698  	8.455344 
1917.865480  	8.460879 
1946.484010  	8.468706 
1976.760987  	8.463142 
2008.621418  	8.438233 
2041.991185  	8.445367 
2076.797535  	8.425748 
2112.969474  	8.417120 
2150.438095  	8.440038 
2189.136816  	8.455634 
2229.001570  	8.385241 
2269.970925  	8.374742 
2311.986159  	8.377451 
2354.991295  	8.400572 
2398.933096  	8.343621 
2443.761036  	8.332463 
2489.427243  	8.339914 
2535.886433  	8.299819 
2583.095817  	8.327342 
2631.015013  	8.468320 
2679.605941  	8.375261 
2728.832717  	8.374712 
2778.661548  	8.334028 
2398.933096  	8.288402 
2353.251368  	8.159040 
2308.440166  	8.220721 
2264.551170  	8.202794 
2221.639035  	8.225358 
2179.761455  	8.335381 
2138.979196  	8.238241 
2099.356092  	8.194535 
2060.959000  	8.167200 
2023.857703  	8.185036 
1988.124745  	8.239707 
1953.835203  	8.191976 
1921.066371  	8.246508 
1889.897352  	8.212818 
1860.408557  	8.184135 
1832.681096  	8.231606 
1806.796059  	8.203707 
1782.833699  	8.211441 
1760.872511  	8.258139 
1740.988225  	8.310294 
1723.252738  	8.348311 
1707.733000  	8.366528 
1694.489894  	8.380640 
1683.577144  	8.410637 
1675.040298  	8.399825 
1668.915816  	8.388989 
1665.230314  	8.387441 
1664.000000  	8.365726 
1665.230314  	8.352068 
1668.915816  	8.357183 
1675.040298  	8.367660 
1683.577144  	8.374106 
1694.489894  	8.383944 
1707.733000  	8.400124 
1723.252738  	8.437958 
1740.988225  	8.445827 
1760.872511  	8.454530 
1782.833699  	8.455701 
1806.796059  	8.489044 
1832.681096  	8.467603 
1860.408557  	8.484913 
1889.897352  	8.474927 
1921.066371  	8.468674 
1953.835203  	8.455126 
1988.124745  	8.466392 
2023.857703  	8.407785 
2060.959000  	8.421891 
2099.356092  	8.407494 
2138.979196  	8.375179 
2179.761455  	8.395128 
2221.639035  	8.390372 
2264.551170  	8.400633 
2308.440166  	8.417594 
2353.251368  	8.399902 
2398.933096  	8.355915 
2445.436566  	8.375946 
2492.715788  	8.340082 
2540.727455  	8.373676 
2589.430825  	8.274544 
2638.787600  	8.353887 
2688.761797  	8.332734 
2739.319624  	8.351494 
2354.991295  	8.206217 
2308.440166  	8.235353 
2262.741700  	8.284786 
2217.948602  	8.283075 
2174.116832  	8.191710 
2131.305703  	8.259677 
2089.577948  	8.120272 
2048.999756  	8.274608 
2009.640764  	8.274051 
1971.573990  	8.142069 
1934.875707  	8.268721 
1899.625226  	8.180694 
1865.904606  	8.255029 
1833.798244  	8.258205 
1803.392359  	8.185272 
1774.774352  	8.236799 
1748.032036  	8.225000 
1723.252738  	8.249151 
1700.522273  	8.334075 
1679.923808  	8.321809 
1661.536638  	8.360942 
1645.434897  	8.367640 
1631.686244  	8.369500 
1620.350579  	8.403182 
1611.478824  	8.408018 
1605.111834  	8.392156 
1601.279488  	8.398146 
1600.000000  	8.369407 
1601.279488  	8.348346 
1605.111834  	8.343082 
1611.478824  	8.364808 
1620.350579  	8.382719 
1631.686244  	8.384311 
1645.434897  	8.399651 
1661.536638  	8.433244 
1679.923808  	8.476992 
1700.522273  	8.459377 
1723.252738  	8.513044 
1748.032036  	8.519895 
1774.774352  	8.514228 
1803.392359  	8.541137 
1833.798244  	8.508755 
1865.904606  	8.518102 
1899.625226  	8.499189 
1934.875707  	8.474439 
1971.573990  	8.462033 
2009.640764  	8.426487 
2048.999756  	8.437938 
2089.577948  	8.427364 
2131.305703  	8.384894 
2174.116832  	8.365945 
2217.948602  	8.383058 
2262.741700  	8.407176 
2308.440166  	8.421021 
2354.991295  	8.387184 
2402.345521  	8.441040 
2450.456284  	8.373521 
2499.279896  	8.392034 
2548.775392  	8.373124 
2598.904385  	8.384578 
2649.630918  	8.348458 
2700.921324  	8.392170 
2311.986159  	8.352264 
2264.551170  	8.311594 
2217.948602  	8.414394 
2172.232032  	8.250546 
2127.458578  	8.207077 
2083.689036  	8.120778 
2040.987996  	8.218714 
1999.423917  	8.295886 
1959.069167  	8.315194 
1920.000000  	8.245341 
1882.296470  	8.246736 
1846.042253  	8.239181 
1811.324377  	8.277742 
1778.232831  	8.302853 
1746.860040  	8.182864 
1717.300207  	8.144464 
1689.648484  	8.197397 
1664.000000  	8.268735 
1640.448719  	8.296979 
1619.086162  	8.300536 
1600.000000  	8.329295 
1583.272560  	8.343603 
1568.979286  	8.367354 
1557.187208  	8.393917 
1547.953488  	8.387408 
1541.324106  	8.376142 
1537.332755  	8.393395 
1536.000000  	8.375344 
1537.332755  	8.343109 
1541.324106  	8.343029 
1547.953488  	8.359442 
1557.187208  	8.354391 
1568.979286  	8.385584 
1583.272560  	8.411485 
1600.000000  	8.453548 
1619.086162  	8.449020 
1640.448719  	8.529081 
1664.000000  	8.527189 
1689.648484  	8.561748 
1717.300207  	8.559358 
1746.860040  	8.567304 
1778.232831  	8.496755 
1811.324377  	8.513392 
1846.042253  	8.507821 
1882.296470  	8.466349 
1920.000000  	8.448406 
1959.069167  	8.439171 
1999.423917  	8.449146 
2040.987996  	8.400526 
2083.689036  	8.401843 
2127.458578  	8.405947 
2172.232032  	8.432360 
2217.948602  	8.395133 
2264.551170  	8.382798 
2311.986159  	8.425745 
2360.203381  	8.383010 
2409.155869  	8.401496 
2458.799707  	8.450559 
2509.093860  	8.404051 
2560.000000  	8.391545 
2611.482338  	8.406896 
2663.507462  	8.463421 
2269.970925  	8.309623 
2221.639035  	8.235900 
2174.116832  	8.260759 
2127.458578  	8.169558 
2081.722364  	8.241878 
2036.970299  	8.261872 
1993.268672  	8.323690 
1950.688084  	8.275398 
1909.303538  	8.209530 
1869.194479  	8.192551 
1830.444755  	8.146578 
1793.142493  	8.106053 
1757.379868  	8.127294 
1723.252738  	8.251058 
1690.860136  	8.123883 
1660.303587  	8.199854 
1631.686244  	8.243387 
1605.111834  	8.258153 
1580.683397  	8.274186 
1558.501845  	8.271179 
1538.664356  	8.327441 
1521.262633  	8.330960 
1506.381094  	8.369004 
1494.095044  	8.391998 
1484.468929  	8.392655 
1477.554737  	8.390275 
1473.390647  	8.393653 
1472.000000  	8.377336 
1473.390647  	8.353498 
1477.554737  	8.337141 
1484.468929  	8.325917 
1494.095044  	8.348085 
1506.381094  	8.374941 
1521.262633  	8.397570 
1538.664356  	8.445667 
1558.501845  	8.459836 
1580.683397  	8.481748 
1605.111834  	8.538930 
1631.686244  	8.552013 
1660.303587  	8.578016 
1690.860136  	8.627486 
1723.252738  	8.505104 
1757.379868  	8.518401 
1793.142493  	8.529453 
1830.444755  	8.490324 
1869.194479  	8.476353 
1909.303538  	8.467597 
1950.688084  	8.459362 
1993.268672  	8.432186 
2036.970299  	8.383531 
2081.722364  	8.435605 
2127.458578  	8.452236 
2174.116832  	8.405563 
2221.639035  	8.423877 
2269.970925  	8.463093 
2319.061879  	8.403832 
2368.864707  	8.393039 
2419.335446  	8.384177 
2470.433160  	8.413891 
2522.119743  	8.440542 
2574.359726  	8.448059 
2627.120096  	8.472171 
2229.001570  	8.218273 
2179.761455  	8.143323 
2131.305703  	8.272293 
2083.689036  	8.202121 
2036.970299  	8.212703 
1991.212696  	8.274741 
1946.484010  	8.291823 
1902.856800  	8.229273 
1860.408557  	8.096670 
1819.221812  	8.205158 
1779.384163  	8.241767 
1740.988225  	8.089728 
1704.131450  	8.220747 
1668.915816  	8.270557 
1635.447339  	8.164011 
1603.835403  	8.129778 
1574.191856  	8.236296 
1546.629885  	8.224267 
1521.262633  	8.251487 
1498.201589  	8.264398 
1477.554737  	8.302396 
1459.424544  	8.331008 
1443.905814  	8.363532 
1431.083506  	8.383962 
1421.030612  	8.377969 
1413.806210  	8.387077 
1409.453795  	8.389865 
1408.000000  	8.355922 
1409.453795  	8.327871 
1413.806210  	8.321573 
1421.030612  	8.326126 
1431.083506  	8.354164 
1443.905814  	8.391329 
1459.424544  	8.404743 
1477.554737  	8.433867 
1498.201589  	8.458607 
1521.262633  	8.473743 
1546.629885  	8.497989 
1574.191856  	8.552547 
1603.835403  	8.542237 
1635.447339  	8.535705 
1668.915816  	8.501704 
1704.131450  	8.496701 
1740.988225  	8.480891 
1779.384163  	8.474537 
1819.221812  	8.464078 
1860.408557  	8.457538 
1902.856800  	8.429254 
1946.484010  	8.424547 
1991.212696  	8.416587 
2036.970299  	8.429125 
2083.689036  	8.448203 
2131.305703  	8.442826 
2179.761455  	8.442504 
2229.001570  	8.459131 
2278.975208  	8.434826 
2329.635165  	8.407652 
2380.937630  	8.402087 
2432.841960  	8.416655 
2485.310443  	8.435226 
2538.308098  	8.463196 
2591.802462  	8.470467 
2189.136816  	8.217853 
2138.979196  	8.133761 
2089.577948  	8.272234 
2040.987996  	8.232808 
1993.268672  	8.246292 
1946.484010  	8.279462 
1900.703028  	8.262312 
1856.000000  	8.217023 
1812.454689  	8.155712 
1770.152536  	8.156380 
1729.184779  	8.172476 
1689.648484  	8.110150 
1651.646451  	8.139939 
1615.286971  	8.202357 
1580.683397  	8.257878 
1547.953488  	8.213767 
1517.218508  	8.185017 
1488.602029  	8.222089 
1462.228436  	8.245451 
1438.221123  	8.303470 
1416.700392  	8.313640 
1397.781099  	8.309237 
1381.570121  	8.346195 
1368.163733  	8.370044 
1357.645020  	8.362948 
1350.081479  	8.361698 
1345.522947  	8.358731 
1344.000000  	8.347132 
1345.522947  	8.314419 
1350.081479  	8.319368 
1357.645020  	8.329365 
1368.163733  	8.349586 
1381.570121  	8.370421 
1397.781099  	8.405085 
1416.700392  	8.430872 
1438.221123  	8.444474 
1462.228436  	8.466842 
1488.602029  	8.481475 
1517.218508  	8.515796 
1547.953488  	8.522747 
1580.683397  	8.526759 
1615.286971  	8.504049 
1651.646451  	8.506745 
1689.648484  	8.480273 
1729.184779  	8.479582 
1770.152536  	8.489124 
1812.454689  	8.472400 
1856.000000  	8.449834 
1900.703028  	8.431927 
1946.484010  	8.429343 
1993.268672  	8.415742 
2040.987996  	8.458773 
2089.577948  	8.489778 
2138.979196  	8.466390 
2189.136816  	8.480125 
2240.000000  	8.462179 
2291.521765  	8.473170 
2343.658678  	8.439415 
2396.370589  	8.447643 
2449.620379  	8.456642 
2503.373724  	8.448433 
2557.598874  	8.492744 
2150.438095  	8.220382 
2099.356092  	8.286008 
2048.999756  	8.298976 
1999.423917  	8.249952 
1950.688084  	8.209684 
1902.856800  	8.259539 
1856.000000  	8.251821 
1810.193360  	8.268696 
1765.518621  	8.245893 
1722.063878  	8.182077 
1679.923808  	8.179463 
1639.199805  	8.193696 
1600.000000  	8.256565 
1562.439119  	8.238887 
1526.638137  	8.190642 
1492.723685  	8.247024 
1460.827163  	8.231696 
1431.083506  	8.175939 
1403.629581  	8.209215 
1378.602191  	8.267337 
1356.135686  	8.280172 
1336.359233  	8.271465 
1319.393800  	8.301886 
1305.348995  	8.328015 
1294.319899  	8.341254 
1286.384080  	8.341444 
1281.599001  	8.344847 
1280.000000  	8.323518 
1281.599001  	8.306391 
1286.384080  	8.321650 
1294.319899  	8.330889 
1305.348995  	8.335234 
1319.393800  	8.355211 
1336.359233  	8.380426 
1356.135686  	8.416460 
1378.602191  	8.439206 
1403.629581  	8.458124 
1431.083506  	8.479262 
1460.827163  	8.507490 
1492.723685  	8.492497 
1526.638137  	8.510715 
1562.439119  	8.503344 
1600.000000  	8.486427 
1639.199805  	8.498250 
1679.923808  	8.482025 
1722.063878  	8.497876 
1765.518621  	8.483202 
1810.193360  	8.460130 
1856.000000  	8.475661 
1902.856800  	8.451341 
1950.688084  	8.443286 
1999.423917  	8.475245 
2048.999756  	8.503061 
2099.356092  	8.493559 
2150.438095  	8.555213 
2202.195268  	8.529011 
2254.581114  	8.479859 
2307.552816  	8.438093 
2361.070943  	8.451295 
2415.099170  	8.460634 
2469.604017  	8.446342 
2524.554614  	8.485966 
2112.969474  	8.335767 
2060.959000  	8.321516 
2009.640764  	8.282955 
1959.069167  	8.316368 
1909.303538  	8.325740 
1860.408557  	8.256960 
1812.454689  	8.267320 
1765.518621  	8.247102 
1719.683692  	8.159804 
1675.040298  	8.250251 
1631.686244  	8.262208 
1589.727021  	8.245356 
1549.275960  	8.266133 
1510.454236  	8.302301 
1473.390647  	8.239713 
1438.221123  	8.235050 
1405.087898  	8.291866 
1374.138275  	8.201654 
1345.522947  	8.237773 
1319.393800  	8.263980 
1295.901231  	8.245905 
1275.190966  	8.278283 
1257.400493  	8.301469 
1242.655222  	8.314901 
1231.064580  	8.322214 
1222.718283  	8.317368 
1217.683046  	8.317787 
1216.000000  	8.307293 
1217.683046  	8.299176 
1222.718283  	8.307646 
1231.064580  	8.312105 
1242.655222  	8.321944 
1257.400493  	8.361648 
1275.190966  	8.386025 
1295.901231  	8.401902 
1319.393800  	8.427192 
1345.522947  	8.442846 
1374.138275  	8.458109 
1405.087898  	8.518820 
1438.221123  	8.493093 
1473.390647  	8.493735 
1510.454236  	8.489798 
1549.275960  	8.476327 
1589.727021  	8.486675 
1631.686244  	8.487048 
1675.040298  	8.495764 
1719.683692  	8.494425 
1765.518621  	8.478504 
1812.454689  	8.476982 
1860.408557  	8.465434 
1909.303538  	8.466489 
1959.069167  	8.469443 
2009.640764  	8.493224 
2060.959000  	8.473538 
2112.969474  	8.489687 
2165.622312  	8.535701 
2218.871785  	8.497388 
2272.675956  	8.478175 
2326.996347  	8.400015 
2381.797640  	8.441909 
2437.047394  	8.429433 
2492.715788  	8.438643 
2076.797535  	8.374181 
2023.857703  	8.414506 
1971.573990  	8.316491 
1920.000000  	8.345721 
1869.194479  	8.363792 
1819.221812  	8.290995 
1770.152536  	8.267965 
1722.063878  	8.198635 
1675.040298  	8.191476 
1629.174024  	8.236191 
1584.565556  	8.283675 
1541.324106  	8.283189 
1499.567938  	8.228355 
1459.424544  	8.242294 
1421.030612  	8.250514 
1384.531690  	8.226073 
1350.081479  	8.233912 
1317.840658  	8.175470 
1287.975155  	8.246585 
1260.653799  	8.239398 
1236.045307  	8.259616 
1214.314622  	8.251200 
1195.618668  	8.284473 
1180.101691  	8.294395 
1167.890406  	8.312324 
1159.089298  	8.291679 
1153.776408  	8.301412 
1152.000000  	8.297024 
1153.776408  	8.294055 
1159.089298  	8.301940 
1167.890406  	8.310311 
1180.101691  	8.315565 
1195.618668  	8.330017 
1214.314622  	8.342524 
1236.045307  	8.379107 
1260.653799  	8.401822 
1287.975155  	8.409138 
1317.840658  	8.434726 
1350.081479  	8.570582 
1384.531690  	8.455738 
1421.030612  	8.461786 
1459.424544  	8.467878 
1499.567938  	8.508188 
1541.324106  	8.529316 
1584.565556  	8.538419 
1629.174024  	8.522711 
1675.040298  	8.513969 
1722.063878  	8.492913 
1770.152536  	8.497897 
1819.221812  	8.468097 
1869.194479  	8.485815 
1920.000000  	8.455298 
1971.573990  	8.477632 
2023.857703  	8.475050 
2076.797535  	8.493850 
2130.344573  	8.470180 
2184.454165  	8.478885 
2239.085528  	8.476549 
2294.201386  	8.434495 
2349.767648  	8.424948 
2405.753105  	8.393218 
2462.129160  	8.408608 
2041.991185  	8.573979 
1988.124745  	8.439342 
1934.875707  	8.370828 
1882.296470  	8.383169 
1830.444755  	8.387399 
1779.384163  	8.300622 
1729.184779  	8.490616 
1679.923808  	8.285591 
1631.686244  	8.274870 
1584.565556  	8.287390 
1538.664356  	8.303633 
1494.095044  	8.224508 
1450.980358  	8.166985 
1409.453795  	8.223683 
1369.659812  	8.157272 
1331.753731  	8.245940 
1295.901231  	8.188267 
1262.277307  	8.211608 
1231.064580  	8.211693 
1202.450831  	8.227186 
1176.625684  	8.260018 
1153.776408  	8.250526 
1134.082889  	8.285095 
1117.711949  	8.279327 
1104.811296  	8.309660 
1095.503537  	8.269426 
1089.880727  	8.275954 
1088.000000  	8.296733 
1089.880727  	8.292298 
1095.503537  	8.304637 
1104.811296  	8.306123 
1117.711949  	8.302849 
1134.082889  	8.311729 
1153.776408  	8.324552 
1176.625684  	8.368687 
1202.450831  	8.372414 
1231.064580  	8.364974 
1262.277307  	8.364385 
1295.901231  	8.563854 
1331.753731  	8.405898 
1369.659812  	8.436280 
1409.453795  	8.456318 
1450.980358  	8.486498 
1494.095044  	8.500699 
1538.664356  	8.513017 
1584.565556  	8.497656 
1631.686244  	8.488439 
1679.923808  	8.473021 
1729.184779  	8.488572 
1779.384163  	8.465099 
1830.444755  	8.457111 
1882.296470  	8.460587 
1934.875707  	8.451532 
1988.124745  	8.452669 
2041.991185  	8.467107 
2096.427437  	8.469267 
2151.390248  	8.464008 
2206.840275  	8.485647 
2262.741700  	8.434384 
2319.061879  	8.499341 
2375.771033  	8.482012 
2432.841960  	8.445147 
2008.621418  	8.371639 
1953.835203  	8.397893 
1899.625226  	8.369034 
1846.042253  	8.395493 
1793.142493  	8.474045 
1740.988225  	8.402683 
1689.648484  	8.350695 
1639.199805  	8.384922 
1589.727021  	8.294198 
1541.324106  	8.248021 
1494.095044  	8.285282 
1448.154688  	8.228978 
1403.629581  	8.305361 
1360.658664  	8.273051 
1319.393800  	8.224304 
1280.000000  	8.227782 
1242.655222  	8.211853 
1207.549585  	8.222987 
1174.883824  	8.219842 
1144.866804  	8.244936 
1117.711949  	8.242208 
1093.632479  	8.246236 
1072.835495  	8.263941 
1055.515040  	8.290332 
1041.844518  	8.292824 
1031.968992  	8.289059 
1025.998051  	8.302800 
1024.000000  	8.309497 
1025.998051  	8.305451 
1031.968992  	8.303309 
1041.844518  	8.294557 
1055.515040  	8.297433 
1072.835495  	8.295422 
1093.632479  	8.314048 
1117.711949  	8.312202 
1144.866804  	8.316408 
1174.883824  	8.326558 
1207.549585  	8.320601 
1242.655222  	8.656646 
1280.000000  	8.404980 
1319.393800  	8.440572 
1360.658664  	8.447295 
1403.629581  	8.500255 
1448.154688  	8.527007 
1494.095044  	8.530794 
1541.324106  	8.518412 
1589.727021  	8.513312 
1639.199805  	8.493067 
1689.648484  	8.496702 
1740.988225  	8.480230 
1793.142493  	8.468476 
1846.042253  	8.458146 
1899.625226  	8.460788 
1953.835203  	8.449885 
2008.621418  	8.463423 
2063.937984  	8.446518 
2119.743381  	8.440414 
2176.000000  	8.423116 
2232.673733  	8.464471 
2289.733609  	8.388861 
2347.151465  	8.583368 
2404.901661  	8.388536 
1976.760987  	8.475782 
1921.066371  	8.436800 
1865.904606  	8.471349 
1811.324377  	8.409534 
1757.379868  	8.391372 
1704.131450  	8.412476 
1651.646451  	8.360007 
1600.000000  	8.355052 
1549.275960  	8.297224 
1499.567938  	8.311323 
1450.980358  	8.227661 
1403.629581  	8.230481 
1357.645020  	8.146620 
1313.170210  	8.232649 
1270.363727  	8.242551 
1229.399854  	8.239224 
1190.468815  	8.281485 
1153.776408  	8.256741 
1119.542764  	8.238208 
1088.000000  	8.212816 
1059.388503  	8.252532 
1033.951643  	8.235306 
1011.928851  	8.236000 
993.547181  	8.256823 
979.011747  	8.289620 
968.495741  	8.255759 
962.130968  	8.299746 
960.000000  	8.308628 
962.130968  	8.311495 
968.495741  	8.309874 
979.011747  	8.299151 
993.547181  	8.293593 
1011.928851  	8.282535 
1033.951643  	8.282390 
1059.388503  	8.278720 
1088.000000  	8.287577 
1119.542764  	8.294301 
1153.776408  	8.391232 
1190.468815  	8.775626 
1229.399854  	8.518211 
1270.363727  	8.509537 
1313.170210  	8.466522 
1357.645020  	8.501772 
1403.629581  	8.535519 
1450.980358  	8.549658 
1499.567938  	8.540516 
1549.275960  	8.526343 
1600.000000  	8.544903 
1651.646451  	8.535476 
1704.131450  	8.497432 
1757.379868  	8.465669 
1811.324377  	8.478234 
1865.904606  	8.454433 
1921.066371  	8.448274 
1976.760987  	8.453406 
2032.944662  	8.441129 
2089.577948  	8.425247 
2146.625258  	8.385433 
2204.054446  	8.453588 
2261.836422  	8.370573 
2319.944827  	8.494256 
2378.355735  	8.330103 
1946.484010  	8.376133 
1889.897352  	8.463006 
1833.798244  	8.428164 
1778.232831  	8.446425 
1723.252738  	8.441659 
1668.915816  	8.476257 
1615.286971  	8.423436 
1562.439119  	8.366458 
1510.454236  	8.293077 
1459.424544  	8.301608 
1409.453795  	8.260607 
1360.658664  	8.224993 
1313.170210  	8.097515 
1267.135352  	8.252354 
1222.718283  	8.270785 
1180.101691  	8.212131 
1139.487604  	8.215533 
1101.097634  	8.210336 
1065.172287  	8.168609 
1031.968992  	8.214527 
1001.758454  	8.217585 
974.818958  	8.211283 
951.428400  	8.234084 
931.854066  	8.256161 
916.340548  	8.272121 
905.096680  	8.295522 
898.282806  	8.316832 
896.000000  	8.310702 
898.282806  	8.314435 
905.096680  	8.312000 
916.340548  	8.299158 
931.854066  	8.297670 
951.428400  	8.285130 
974.818958  	8.266955 
1001.758454  	8.266456 
1031.968992  	8.278640 
1065.172287  	8.345787 
1101.097634  	8.335731 
1139.487604  	8.634461 
1180.101691  	8.703400 
1222.718283  	8.501754 
1267.135352  	8.500177 
1313.170210  	8.515823 
1360.658664  	8.541639 
1409.453795  	8.553844 
1459.424544  	8.547094 
1510.454236  	8.532905 
1562.439119  	8.547577 
1615.286971  	8.526288 
1668.915816  	8.510624 
1723.252738  	8.479843 
1778.232831  	8.475091 
1833.798244  	8.465850 
1889.897352  	8.445576 
1946.484010  	8.432184 
2003.516908  	8.447661 
2060.959000  	8.458552 
2118.777006  	8.483795 
2176.940973  	8.366856 
2235.423897  	8.370477 
2294.201386  	8.348652 
2353.251368  	8.331839 
1917.865480  	8.411840 
1860.408557  	8.482551 
1803.392359  	8.485289 
1746.860040  	8.497467 
1690.860136  	8.456952 
1635.447339  	8.464213 
1580.683397  	8.477835 
1526.638137  	8.434486 
1473.390647  	8.403444 
1421.030612  	8.326967 
1369.659812  	8.285090 
1319.393800  	8.246301 
1270.363727  	8.135083 
1222.718283  	8.245624 
1176.625684  	8.244126 
1132.275585  	8.203664 
1089.880727  	8.215793 
1049.678046  	8.205694 
1011.928851  	8.192732 
976.917601  	8.166859 
944.948676  	8.164509 
916.340548  	8.192843 
891.416850  	8.219193 
870.494113  	8.214931 
853.866500  	8.246587 
841.788572  	8.271413 
834.457908  	8.284284 
832.000000  	8.285491 
834.457908  	8.294744 
841.788572  	8.302204 
853.866500  	8.291142 
870.494113  	8.287785 
891.416850  	8.257363 
916.340548  	8.240822 
944.948676  	8.215848 
976.917601  	8.233366 
1011.928851  	8.329920 
1049.678046  	8.299884 
1089.880727  	8.575562 
1132.275585  	8.556679 
1176.625684  	8.489337 
1222.718283  	8.494863 
1270.363727  	8.533034 
1319.393800  	8.552154 
1369.659812  	8.549929 
1421.030612  	8.555790 
1473.390647  	8.544214 
1526.638137  	8.524830 
1580.683397  	8.515941 
1635.447339  	8.495589 
1690.860136  	8.478056 
1746.860040  	8.458909 
1803.392359  	8.454970 
1860.408557  	8.422352 
1917.865480  	8.425720 
1975.724677  	8.434665 
2033.951819  	8.415834 
2092.516189  	8.440808 
2151.390248  	8.386874 
2210.549253  	8.411544 
2269.970925  	8.337061 
2329.635165  	8.332250 
1890.980698  	8.409270 
1832.681096  	8.464062 
1774.774352  	8.522023 
1717.300207  	8.484914 
1660.303587  	8.453481 
1603.835403  	8.483248 
1547.953488  	8.492871 
1492.723685  	8.515510 
1438.221123  	8.407830 
1384.531690  	8.332987 
1331.753731  	8.281782 
1280.000000  	8.224746 
1229.399854  	8.171548 
1180.101691  	8.239269 
1132.275585  	8.262325 
1086.116016  	8.269721 
1041.844518  	8.189044 
999.711959  	8.181327 
960.000000  	8.192053 
923.021127  	8.185425 
889.116415  	8.177672 
858.650103  	8.185377 
832.000000  	8.189779 
809.543081  	8.213396 
791.636280  	8.210812 
778.593604  	8.231843 
770.662053  	8.262859 
768.000000  	8.279656 
770.662053  	8.296582 
778.593604  	8.303749 
791.636280  	8.292432 
809.543081  	8.302819 
832.000000  	8.265300 
858.650103  	8.238447 
889.116415  	8.237891 
923.021127  	8.228659 
960.000000  	8.270186 
999.711959  	8.311920 
1041.844518  	8.369974 
1086.116016  	8.491554 
1132.275585  	8.473347 
1180.101691  	8.524236 
1229.399854  	8.543584 
1280.000000  	8.549823 
1331.753731  	8.562384 
1384.531690  	8.553108 
1438.221123  	8.553293 
1492.723685  	8.533558 
1547.953488  	8.512470 
1603.835403  	8.488313 
1660.303587  	8.472202 
1717.300207  	8.456628 
1774.774352  	8.449202 
1832.681096  	8.435089 
1890.980698  	8.438286 
1949.637915  	8.429494 
2008.621418  	8.427017 
2067.903286  	8.441803 
2127.458578  	8.396358 
2187.264959  	8.377613 
2247.302383  	8.356110 
2307.552816  	8.335350 
1865.904606  	8.382055 
1806.796059  	8.445314 
1748.032036  	8.457838 
1689.648484  	8.504672 
1631.686244  	8.483636 
1574.191856  	8.482727 
1517.218508  	8.516803 
1460.827163  	8.542106 
1405.087898  	8.452794 
1350.081479  	8.375545 
1295.901231  	8.276577 
1242.655222  	8.266504 
1190.468815  	8.192615 
1139.487604  	8.193121 
1089.880727  	8.221899 
1041.844518  	8.293686 
995.606348  	8.222513 
951.428400  	8.140506 
909.610906  	8.140677 
870.494113  	8.170504 
834.457908  	8.135609 
801.917702  	8.170684 
773.314942  	8.159499 
749.100794  	8.177844 
729.712272  	8.188691 
715.541753  	8.232331 
706.903105  	8.251431 
704.000000  	8.274383 
706.903105  	8.292952 
715.541753  	8.315381 
729.712272  	8.314613 
749.100794  	8.307255 
773.314942  	8.279605 
801.917702  	8.231235 
834.457908  	8.208731 
870.494113  	8.204358 
909.610906  	8.310707 
951.428400  	8.287199 
995.606348  	8.325888 
1041.844518  	8.435933 
1089.880727  	8.488209 
1139.487604  	8.545492 
1190.468815  	8.547695 
1242.655222  	8.554255 
1295.901231  	8.554433 
1350.081479  	8.555693 
1405.087898  	8.552322 
1460.827163  	8.539760 
1517.218508  	8.515527 
1574.191856  	8.486123 
1631.686244  	8.469138 
1689.648484  	8.454306 
1748.032036  	8.446933 
1806.796059  	8.423800 
1865.904606  	8.415196 
1925.325946  	8.428747 
1985.031990  	8.391066 
2044.997800  	8.371761 
2105.201178  	8.365969 
2165.622312  	8.304659 
2226.243473  	8.342379 
2287.048753  	8.360862 
1842.711046  	8.406684 
1782.833699  	8.474970 
1723.252738  	8.543531 
1664.000000  	8.508102 
1605.111834  	8.543219 
1546.629885  	8.515251 
1488.602029  	8.497454 
1431.083506  	8.558745 
1374.138275  	8.495490 
1317.840658  	8.415284 
1262.277307  	8.392686 
1207.549585  	8.341765 
1153.776408  	8.285852 
1101.097634  	8.276279 
1049.678046  	8.269267 
999.711959  	8.312714 
951.428400  	8.253933 
905.096680  	8.187150 
861.031939  	8.189839 
819.599902  	8.190280 
781.219559  	8.154559 
746.361843  	8.167956 
715.541753  	8.168775 
689.301095  	8.196365 
668.179617  	8.198821 
652.674498  	8.211435 
643.192040  	8.243323 
640.000000  	8.269595 
643.192040  	8.294541 
652.674498  	8.318940 
668.179617  	8.335587 
689.301095  	8.334269 
715.541753  	8.330627 
746.361843  	8.280312 
781.219559  	8.266110 
819.599902  	8.250178 
861.031939  	8.283355 
905.096680  	8.318191 
951.428400  	8.442559 
999.711959  	8.434176 
1049.678046  	8.514079 
1101.097634  	8.546430 
1153.776408  	8.551897 
1207.549585  	8.559621 
1262.277307  	8.530962 
1317.840658  	8.556262 
1374.138275  	8.536002 
1431.083506  	8.534166 
1488.602029  	8.483275 
1546.629885  	8.481887 
1605.111834  	8.465420 
1664.000000  	8.436512 
1723.252738  	8.444708 
1782.833699  	8.431831 
1842.711046  	8.403126 
1902.856800  	8.398446 
1963.246291  	8.375388 
2023.857703  	8.373427 
2084.671677  	8.347041 
2145.670991  	8.364795 
2206.840275  	8.317671 
2268.165779  	8.309234 
1821.471932  	8.378210 
1760.872511  	8.431781 
1700.522273  	8.448076 
1640.448719  	8.466819 
1580.683397  	8.459722 
1521.262633  	8.472028 
1462.228436  	8.496269 
1403.629581  	8.489074 
1345.522947  	8.496851 
1287.975155  	8.417489 
1231.064580  	8.382696 
1174.883824  	8.304509 
1119.542764  	8.294625 
1065.172287  	8.329480 
1011.928851  	8.198423 
960.000000  	8.260218 
909.610906  	8.223309 
861.031939  	8.192167 
814.587012  	8.156261 
770.662053  	8.185959 
729.712272  	8.176400 
692.265845  	8.147294 
658.920329  	8.149981 
630.326899  	8.171535 
607.157311  	8.190860 
590.050845  	8.212087 
579.544649  	8.268380 
576.000000  	8.291280 
579.544649  	8.320877 
590.050845  	8.341355 
607.157311  	8.356202 
630.326899  	8.363514 
658.920329  	8.357680 
692.265845  	8.329333 
729.712272  	8.305914 
770.662053  	8.296008 
814.587012  	8.324357 
861.031939  	8.387601 
909.610906  	8.408199 
960.000000  	8.470294 
1011.928851  	8.519682 
1065.172287  	8.567234 
1119.542764  	8.567508 
1174.883824  	8.567198 
1231.064580  	8.545044 
1287.975155  	8.533004 
1345.522947  	8.535022 
1403.629581  	8.519378 
1462.228436  	8.502397 
1521.262633  	8.482964 
1580.683397  	8.471543 
1640.448719  	8.452233 
1700.522273  	8.440756 
1760.872511  	8.420401 
1821.471932  	8.407666 
1882.296470  	8.416369 
1943.324986  	8.400448 
2004.538850  	8.404215 
2065.921586  	8.336415 
2127.458578  	8.340379 
2189.136816  	8.353112 
2250.944691  	8.363512 
1802.256364  	8.401096 
1740.988225  	8.410366 
1679.923808  	8.513086 
1619.086162  	8.466558 
1558.501845  	8.483083 
1498.201589  	8.502273 
1438.221123  	8.483511 
1378.602191  	8.454204 
1319.393800  	8.440207 
1260.653799  	8.427960 
1202.450831  	8.419362 
1144.866804  	8.408350 
1088.000000  	8.263487 
1031.968992  	8.333304 
976.917601  	8.253853 
923.021127  	8.295715 
870.494113  	8.235313 
819.599902  	8.205439 
770.662053  	8.196426 
724.077344  	8.186092 
680.329332  	8.134574 
640.000000  	8.163873 
603.774792  	8.162437 
572.433402  	8.149727 
546.816240  	8.181515 
527.757520  	8.229340 
515.984496  	8.272823 
512.000000  	8.297848 
515.984496  	8.332555 
527.757520  	8.356347 
546.816240  	8.373804 
572.433402  	8.376996 
603.774792  	8.373223 
640.000000  	8.360632 
680.329332  	8.341301 
724.077344  	8.324837 
770.662053  	8.344213 
819.599902  	8.397396 
870.494113  	8.432292 
923.021127  	8.460044 
976.917601  	8.489173 
1031.968992  	8.554423 
1088.000000  	8.562791 
1144.866804  	8.546334 
1202.450831  	8.573167 
1260.653799  	8.541513 
1319.393800  	8.526732 
1378.602191  	8.523718 
1438.221123  	8.499742 
1498.201589  	8.473432 
1558.501845  	8.453978 
1619.086162  	8.446995 
1679.923808  	8.429845 
1740.988225  	8.432034 
1802.256364  	8.410181 
1863.708132  	8.402591 
1925.325946  	8.399244 
1987.094361  	8.358167 
2048.999756  	8.345901 
2111.030080  	8.357000 
2173.174636  	8.378077 
2235.423897  	8.334180 
1785.129687  	8.315161 
1723.252738  	8.385474 
1661.536638  	8.462902 
1600.000000  	8.455778 
1538.664356  	8.461610 
1477.554737  	8.478162 
1416.700392  	8.464145 
1356.135686  	8.422124 
1295.901231  	8.473728 
1236.045307  	8.454399 
1176.625684  	8.438565 
1117.711949  	8.349909 
1059.388503  	8.274359 
1001.758454  	8.301138 
944.948676  	8.335961 
889.116415  	8.278879 
834.457908  	8.188080 
781.219559  	8.282631 
729.712272  	8.211058 
680.329332  	8.183770 
633.567676  	8.150351 
590.050845  	8.189309 
550.548817  	8.173582 
515.984496  	8.163751 
487.409479  	8.205972 
465.927033  	8.232913 
452.548340  	8.272123 
448.000000  	8.311543 
452.548340  	8.329287 
465.927033  	8.358194 
487.409479  	8.372145 
515.984496  	8.381290 
550.548817  	8.374297 
590.050845  	8.354436 
633.567676  	8.338669 
680.329332  	8.332144 
729.712272  	8.372468 
781.219559  	8.397992 
834.457908  	8.456130 
889.116415  	8.456429 
944.948676  	8.501710 
1001.758454  	8.553682 
1059.388503  	8.562988 
1117.711949  	8.555054 
1176.625684  	8.563695 
1236.045307  	8.544978 
1295.901231  	8.552565 
1356.135686  	8.504723 
1416.700392  	8.484333 
1477.554737  	8.467267 
1538.664356  	8.450475 
1600.000000  	8.459034 
1661.536638  	8.447513 
1723.252738  	8.439791 
1785.129687  	8.446216 
1847.151320  	8.404297 
1909.303538  	8.362479 
1971.573990  	8.359039 
2033.951819  	8.304659 
2096.427437  	8.316141 
2158.992358  	8.325445 
2221.639035  	8.193051 
1770.152536  	8.361951 
1707.733000  	8.421315 
1645.434897  	8.403183 
1583.272560  	8.421098 
1521.262633  	8.418864 
1459.424544  	8.407469 
1397.781099  	8.434653 
1336.359233  	8.416971 
1275.190966  	8.408386 
1214.314622  	8.439460 
1153.776408  	8.421778 
1093.632479  	8.336962 
1033.951643  	8.312488 
974.818958  	8.347656 
916.340548  	8.284235 
858.650103  	8.290922 
801.917702  	8.260733 
746.361843  	8.204065 
692.265845  	8.244238 
640.000000  	8.199692 
590.050845  	8.193490 
543.058008  	8.195673 
499.855979  	8.179008 
461.510563  	8.195749 
429.325052  	8.208549 
404.771541  	8.226230 
389.296802  	8.292124 
384.000000  	8.325768 
389.296802  	8.344682 
404.771541  	8.370843 
429.325052  	8.390875 
461.510563  	8.398824 
499.855979  	8.386196 
543.058008  	8.356918 
590.050845  	8.341754 
640.000000  	8.344543 
692.265845  	8.406111 
746.361843  	8.391267 
801.917702  	8.454522 
858.650103  	8.471729 
916.340548  	8.477542 
974.818958  	8.508594 
1033.951643  	8.526432 
1093.632479  	8.554167 
1153.776408  	8.565367 
1214.314622  	8.533594 
1275.190966  	8.523305 
1336.359233  	8.514541 
1397.781099  	8.499789 
1459.424544  	8.481326 
1521.262633  	8.477048 
1583.272560  	8.442627 
1645.434897  	8.428394 
1707.733000  	8.425091 
1770.152536  	8.414380 
1832.681096  	8.362405 
1895.307891  	8.339547 
1958.023493  	8.382667 
2020.819636  	8.354788 
2083.689036  	8.352646 
2146.625258  	8.298799 
2209.622592  	8.243775 
1757.379868  	8.453570 
1694.489894  	8.409342 
1631.686244  	8.383624 
1568.979286  	8.442866 
1506.381094  	8.401919 
1443.905814  	8.373457 
1381.570121  	8.373136 
1319.393800  	8.391163 
1257.400493  	8.405768 
1195.618668  	8.434141 
1134.082889  	8.406872 
1072.835495  	8.433668 
1011.928851  	8.317794 
951.428400  	8.260848 
891.416850  	8.259433 
832.000000  	8.241734 
773.314942  	8.237452 
715.541753  	8.176367 
658.920329  	8.198578 
603.774792  	8.232860 
550.548817  	8.226404 
499.855979  	8.191857 
452.548340  	8.192052 
409.799951  	8.195363 
373.180921  	8.169827 
344.650548  	8.218009 
326.337249  	8.273532 
320.000000  	8.290856 
326.337249  	8.312130 
344.650548  	8.337498 
373.180921  	8.347136 
409.799951  	8.348939 
452.548340  	8.346256 
499.855979  	8.330927 
550.548817  	8.331752 
603.774792  	8.343092 
658.920329  	8.380271 
715.541753  	8.404757 
773.314942  	8.434025 
832.000000  	8.459782 
891.416850  	8.487590 
951.428400  	8.508427 
1011.928851  	8.523850 
1072.835495  	8.496196 
1134.082889  	8.499313 
1195.618668  	8.496149 
1257.400493  	8.500626 
1319.393800  	8.466897 
1381.570121  	8.500127 
1443.905814  	8.455250 
1506.381094  	8.443140 
1568.979286  	8.436993 
1631.686244  	8.420811 
1694.489894  	8.441689 
1757.379868  	8.415808 
1820.347220  	8.425459 
1883.384188  	8.413059 
1946.484010  	8.359764 
2009.640764  	8.347224 
2072.849247  	8.354045 
2136.104866  	8.248451 
2199.403556  	8.147640 
1746.860040  	8.360926 
1683.577144  	8.478979 
1620.350579  	8.402236 
1557.187208  	8.398964 
1494.095044  	8.367411 
1431.083506  	8.333688 
1368.163733  	8.353491 
1305.348995  	8.386140 
1242.655222  	8.365924 
1180.101691  	8.393206 
1117.711949  	8.335355 
1055.515040  	8.305795 
993.547181  	8.256838 
931.854066  	8.271660 
870.494113  	8.263698 
809.543081  	8.274540 
749.100794  	8.250892 
689.301095  	8.238041 
630.326899  	8.279158 
572.433402  	8.237330 
515.984496  	8.249701 
461.510563  	8.232916 
409.799951  	8.210066 
362.038672  	8.200056 
320.000000  	8.224048 
286.216701  	8.254553 
263.878760  	8.296106 
256.000000  	8.301258 
263.878760  	8.321642 
286.216701  	8.354318 
320.000000  	8.359750 
362.038672  	8.358654 
409.799951  	8.356532 
461.510563  	8.329428 
515.984496  	8.331887 
572.433402  	8.346155 
630.326899  	8.377658 
689.301095  	8.423031 
749.100794  	8.457844 
809.543081  	8.468166 
870.494113  	8.480110 
931.854066  	8.495717 
993.547181  	8.513743 
1055.515040  	8.481818 
1117.711949  	8.491836 
1180.101691  	8.471460 
1242.655222  	8.481227 
1305.348995  	8.473963 
1368.163733  	8.443977 
1431.083506  	8.423580 
1494.095044  	8.418972 
1557.187208  	8.425710 
1620.350579  	8.419703 
1683.577144  	8.407971 
1746.860040  	8.387340 
1810.193360  	8.417148 
1873.571990  	8.399501 
1936.991482  	8.332253 
2000.447950  	8.337077 
2063.937984  	8.336721 
2127.458578  	8.303678 
2191.007074  	8.222291 
1738.633947  	8.440801 
1675.040298  	8.373064 
1611.478824  	8.394161 
1547.953488  	8.416614 
1484.468929  	8.342221 
1421.030612  	8.309349 
1357.645020  	8.247979 
1294.319899  	8.290697 
1231.064580  	8.324371 
1167.890406  	8.297112 
1104.811296  	8.300935 
1041.844518  	8.255203 
979.011747  	8.255996 
916.340548  	8.264088 
853.866500  	8.255090 
791.636280  	8.296510 
729.712272  	8.223673 
668.179617  	8.239918 
607.157311  	8.248608 
546.816240  	8.252488 
487.409479  	8.262367 
429.325052  	8.218629 
373.180921  	8.235564 
320.000000  	8.195175 
271.529004  	8.275786 
230.755282  	8.270644 
202.385770  	8.280174 
192.000000  	8.304529 
202.385770  	8.308094 
230.755282  	8.349352 
271.529004  	8.343556 
320.000000  	8.333945 
373.180921  	8.335449 
429.325052  	8.331870 
487.409479  	8.351817 
546.816240  	8.365282 
607.157311  	8.450371 
668.179617  	8.402336 
729.712272  	8.444551 
791.636280  	8.462690 
853.866500  	8.463742 
916.340548  	8.468305 
979.011747  	8.482433 
1041.844518  	8.465547 
1104.811296  	8.478313 
1167.890406  	8.480688 
1231.064580  	8.436734 
1294.319899  	8.431400 
1357.645020  	8.437433 
1421.030612  	8.403364 
1484.468929  	8.408193 
1547.953488  	8.411037 
1611.478824  	8.414595 
1675.040298  	8.426865 
1738.633947  	8.390888 
1802.256364  	8.391407 
1865.904606  	8.367924 
1929.576119  	8.330329 
1993.268672  	8.309737 
2056.980311  	8.328657 
2120.709315  	8.299775 
2184.454165  	8.286272 
1732.734255  	8.470268 
1668.915816  	8.414966 
1605.111834  	8.369246 
1541.324106  	8.351483 
1477.554737  	8.316499 
1413.806210  	8.318968 
1350.081479  	8.321479 
1286.384080  	8.308671 
1222.718283  	8.283082 
1159.089298  	8.259284 
1095.503537  	8.259719 
1031.968992  	8.303386 
968.495741  	8.300514 
905.096680  	8.365256 
841.788572  	8.237713 
778.593604  	8.238252 
715.541753  	8.197952 
652.674498  	8.260247 
590.050845  	8.265298 
527.757520  	8.252296 
465.927033  	8.202171 
404.771541  	8.238731 
344.650548  	8.258511 
286.216701  	8.233306 
230.755282  	8.280726 
181.019336  	8.284792 
143.108351  	8.262158 
128.000000  	8.285518 
143.108351  	8.315438 
181.019336  	8.328692 
230.755282  	8.327671 
286.216701  	8.336244 
344.650548  	8.332246 
404.771541  	8.356350 
465.927033  	8.337993 
527.757520  	8.359906 
590.050845  	8.403191 
652.674498  	8.427145 
715.541753  	8.459493 
778.593604  	8.455819 
841.788572  	8.468061 
905.096680  	8.472336 
968.495741  	8.459977 
1031.968992  	8.455194 
1095.503537  	8.438387 
1159.089298  	8.432027 
1222.718283  	8.428717 
1286.384080  	8.463748 
1350.081479  	8.430018 
1413.806210  	8.400271 
1477.554737  	8.390964 
1541.324106  	8.410093 
1605.111834  	8.389676 
1668.915816  	8.406592 
1732.734255  	8.415657 
1796.565612  	8.395107 
1860.408557  	8.369797 
1924.261936  	8.353986 
1988.124745  	8.364085 
2051.996101  	8.248176 
2115.875233  	8.328492 
2179.761455  	8.342335 
1729.184779  	8.369514 
1665.230314  	8.454862 
1601.279488  	8.370618 
1537.332755  	8.368423 
1473.390647  	8.302849 
1409.453795  	8.312663 
1345.522947  	8.297078 
1281.599001  	8.333124 
1217.683046  	8.295280 
1153.776408  	8.273069 
1089.880727  	8.263996 
1025.998051  	8.301836 
962.130968  	8.285780 
898.282806  	8.344087 
834.457908  	8.254520 
770.662053  	8.217662 
706.903105  	8.231727 
643.192040  	8.281975 
579.544649  	8.320646 
515.984496  	8.266224 
452.548340  	8.287863 
389.296802  	8.301006 
326.337249  	8.314633 
263.878760  	8.274461 
202.385770  	8.292955 
143.108351  	8.276715 
90.509668  	8.289380 
64.000000  	8.304709 
90.509668  	8.308729 
143.108351  	8.313528 
202.385770  	8.342917 
263.878760  	8.347860 
326.337249  	8.355827 
389.296802  	8.375670 
452.548340  	8.374395 
515.984496  	8.373460 
579.544649  	8.394469 
643.192040  	8.410971 
706.903105  	8.415850 
770.662053  	8.431729 
834.457908  	8.430716 
898.282806  	8.447669 
962.130968  	8.463743 
1025.998051  	8.428565 
1089.880727  	8.447251 
1153.776408  	8.394720 
1217.683046  	8.404485 
1281.599001  	8.406791 
1345.522947  	8.391948 
1409.453795  	8.385918 
1473.390647  	8.386882 
1537.332755  	8.395213 
1601.279488  	8.417101 
1665.230314  	8.396023 
1729.184779  	8.365265 
1793.142493  	8.377848 
1857.103120  	8.371314 
1921.066371  	8.353208 
1985.031990  	8.300436 
2048.999756  	8.318796 
2112.969474  	8.277533 
2176.940973  	8.354943 
1728.000000  	8.412022 
1664.000000  	8.402193 
1600.000000  	8.315356 
1536.000000  	8.355689 
1472.000000  	8.289503 
1408.000000  	8.241672 
1344.000000  	8.283881 
1280.000000  	8.229007 
1216.000000  	8.549582 
1152.000000  	8.282814 
1088.000000  	8.301666 
1024.000000  	8.296966 
960.000000  	8.259451 
896.000000  	8.283859 
832.000000  	8.256932 
768.000000  	8.209554 
704.000000  	8.314760 
640.000000  	8.297537 
576.000000  	8.290768 
512.000000  	8.300519 
448.000000  	8.305408 
384.000000  	8.240941 
320.000000  	8.389724 
256.000000  	8.313991 
192.000000  	8.321983 
128.000000  	8.318044 
64.000000  	8.329016 
0.000000  	8.330125 
64.000000  	8.343550 
128.000000  	8.327680 
192.000000  	8.322959 
256.000000  	8.337922 
320.000000  	8.350517 
384.000000  	8.355562 
448.000000  	8.397143 
512.000000  	8.426101 
576.000000  	8.438540 
640.000000  	8.387400 
704.000000  	8.414698 
768.000000  	8.427858 
832.000000  	8.421654 
896.000000  	8.407862 
960.000000  	8.423749 
1024.000000  	8.412218 
1088.000000  	8.402783 
1152.000000  	8.415878 
1216.000000  	8.387379 
1280.000000  	8.393952 
1344.000000  	8.396342 
1408.000000  	8.376272 
1472.000000  	8.385878 
1536.000000  	8.390976 
1600.000000  	8.382930 
1664.000000  	8.368481 
1728.000000  	8.357177 
1792.000000  	8.355621 
1856.000000  	8.364478 
1920.000000  	8.338055 
1984.000000  	8.352267 
2048.000000  	8.350331 
2112.000000  	8.381026 
2176.000000  	8.336967 
1729.184779  	8.383529 
1665.230314  	8.410251 
1601.279488  	8.296667 
1537.332755  	8.315641 
1473.390647  	8.300355 
1409.453795  	8.289292 
1345.522947  	8.195641 
1281.599001  	8.250687 
1217.683046  	8.235163 
1153.776408  	8.263339 
1089.880727  	8.303149 
1025.998051  	8.321685 
962.130968  	8.277502 
898.282806  	8.155374 
834.457908  	8.251629 
770.662053  	8.242036 
706.903105  	8.317757 
643.192040  	8.285995 
579.544649  	8.288238 
515.984496  	8.296676 
452.548340  	8.315306 
389.296802  	8.333405 
326.337249  	8.392062 
263.878760  	8.346507 
202.385770  	8.356687 
143.108351  	8.351935 
90.509668  	8.332142 
64.000000  	8.319300 
90.509668  	8.342033 
143.108351  	8.362902 
202.385770  	8.387176 
263.878760  	8.421138 
326.337249  	8.365545 
389.296802  	8.379026 
452.548340  	8.386562 
515.984496  	8.401576 
579.544649  	8.414737 
643.192040  	8.374793 
706.903105  	8.388204 
770.662053  	8.410324 
834.457908  	8.409447 
898.282806  	8.383155 
962.130968  	8.374957 
1025.998051  	8.393042 
1089.880727  	8.399281 
1153.776408  	8.385032 
1217.683046  	8.377377 
1281.599001  	8.389914 
1345.522947  	8.376074 
1409.453795  	8.380575 
1473.390647  	8.414294 
1537.332755  	8.404758 
1601.279488  	8.378949 
1665.230314  	8.375449 
1729.184779  	8.368169 
1793.142493  	8.338322 
1857.103120  	8.358478 
1921.066371  	8.352732 
1985.031990  	8.366099 
2048.999756  	8.333136 
2112.969474  	8.327926 
2176.940973  	8.364916 
1732.734255  	8.295355 
1668.915816  	8.299875 
1605.111834  	8.290717 
1541.324106  	8.188458 
1477.554737  	8.329932 
1413.806210  	8.273416 
1350.081479  	8.146976 
1286.384080  	8.297259 
1222.718283  	8.286327 
1159.089298  	8.177248 
1095.503537  	8.243990 
1031.968992  	8.327403 
968.495741  	8.330431 
905.096680  	8.292525 
841.788572  	8.304693 
778.593604  	8.243041 
715.541753  	8.334347 
652.674498  	8.322849 
590.050845  	8.420584 
527.757520  	8.313857 
465.927033  	8.365957 
404.771541  	8.330293 
344.650548  	8.357615 
286.216701  	8.324249 
230.755282  	8.350086 
181.019336  	8.303692 
143.108351  	8.327237 
128.000000  	8.343540 
143.108351  	8.343822 
181.019336  	8.352620 
230.755282  	8.355655 
286.216701  	8.398710 
344.650548  	8.384877 
404.771541  	8.385791 
465.927033  	8.411891 
527.757520  	8.405363 
590.050845  	8.412579 
652.674498  	8.405091 
715.541753  	8.378619 
778.593604  	8.383210 
841.788572  	8.381299 
905.096680  	8.380704 
968.495741  	8.376321 
1031.968992  	8.368247 
1095.503537  	8.365774 
1159.089298  	8.370957 
1222.718283  	8.359359 
1286.384080  	8.362333 
1350.081479  	8.410737 
1413.806210  	8.393339 
1477.554737  	8.408139 
1541.324106  	8.403672 
1605.111834  	8.396573 
1668.915816  	8.389978 
1732.734255  	8.371648 
1796.565612  	8.319976 
1860.408557  	8.329100 
1924.261936  	8.358603 
1988.124745  	8.333043 
2051.996101  	8.355160 
2115.875233  	8.370082 
2179.761455  	8.367831 
1738.633947  	8.301065 
1675.040298  	8.302422 
1611.478824  	8.273023 
1547.953488  	8.236762 
1484.468929  	8.302396 
1421.030612  	8.253093 
1357.645020  	8.237346 
1294.319899  	8.272451 
1231.064580  	8.238226 
1167.890406  	8.174450 
1104.811296  	8.437442 
1041.844518  	8.334209 
979.011747  	8.353967 
916.340548  	8.313107 
853.866500  	8.343506 
791.636280  	8.281208 
729.712272  	8.278849 
668.179617  	8.411292 
607.157311  	8.321798 
546.816240  	8.360352 
487.409479  	8.367907 
429.325052  	8.388416 
373.180921  	8.353498 
320.000000  	8.289460 
271.529004  	8.413345 
230.755282  	8.353187 
202.385770  	8.334004 
192.000000  	8.375780 
202.385770  	8.362834 
230.755282  	8.368845 
271.529004  	8.390307 
320.000000  	8.418692 
373.180921  	8.410420 
429.325052  	8.423319 
487.409479  	8.395894 
546.816240  	8.397845 
607.157311  	8.412529 
668.179617  	8.400553 
729.712272  	8.391184 
791.636280  	8.379317 
853.866500  	8.387480 
916.340548  	8.387261 
979.011747  	8.382069 
1041.844518  	8.377404 
1104.811296  	8.371744 
1167.890406  	8.374616 
1231.064580  	8.336831 
1294.319899  	8.381086 
1357.645020  	8.376503 
1421.030612  	8.374539 
1484.468929  	8.390744 
1547.953488  	8.422642 
1611.478824  	8.404859 
1675.040298  	8.386353 
1738.633947  	8.396486 
1802.256364  	8.381562 
1865.904606  	8.385547 
1929.576119  	8.397212 
1993.268672  	8.382821 
2056.980311  	8.392249 
2120.709315  	8.351842 
2184.454165  	8.361659 
1746.860040  	8.299101 
1683.577144  	8.260657 
1620.350579  	8.212324 
1557.187208  	8.176693 
1494.095044  	8.247765 
1431.083506  	8.202494 
1368.163733  	8.243919 
1305.348995  	8.221680 
1242.655222  	8.061740 
1180.101691  	8.247346 
1117.711949  	8.316026 
1055.515040  	8.305031 
993.547181  	8.273440 
931.854066  	8.286928 
870.494113  	8.331615 
809.543081  	8.261388 
749.100794  	8.296639 
689.301095  	8.335032 
630.326899  	8.302664 
572.433402  	8.316984 
515.984496  	8.323817 
461.510563  	8.345012 
409.799951  	8.349706 
362.038672  	8.347557 
320.000000  	8.422713 
286.216701  	8.379187 
263.878760  	8.355334 
256.000000  	8.343906 
263.878760  	8.369146 
286.216701  	8.391047 
320.000000  	8.393701 
362.038672  	8.398183 
409.799951  	8.414646 
461.510563  	8.434422 
515.984496  	8.416068 
572.433402  	8.424875 
630.326899  	8.442626 
689.301095  	8.393602 
749.100794  	8.382636 
809.543081  	8.396159 
870.494113  	8.389168 
931.854066  	8.366312 
993.547181  	8.376953 
1055.515040  	8.356296 
1117.711949  	8.350296 
1180.101691  	8.343466 
1242.655222  	8.339131 
1305.348995  	8.368427 
1368.163733  	8.368783 
1431.083506  	8.392583 
1494.095044  	8.410482 
1557.187208  	8.453607 
1620.350579  	8.377306 
1683.577144  	8.401895 
1746.860040  	8.411939 
1810.193360  	8.375882 
1873.571990  	8.401105 
1936.991482  	8.416663 
2000.447950  	8.293674 
2063.937984  	8.364955 
2127.458578  	8.394291 
2191.007074  	8.385884 
1757.379868  	8.190201 
1694.489894  	8.191618 
1631.686244  	8.119627 
1568.979286  	8.199878 
1506.381094  	8.305939 
1443.905814  	8.154051 
1381.570121  	8.318335 
1319.393800  	8.290918 
1257.400493  	8.244883 
1195.618668  	8.229831 
1134.082889  	8.283604 
1072.835495  	8.299042 
1011.928851  	8.333307 
951.428400  	8.364634 
891.416850  	8.345701 
832.000000  	8.373003 
773.314942  	8.347285 
715.541753  	8.355337 
658.920329  	8.264235 
603.774792  	8.338235 
550.548817  	8.286993 
499.855979  	8.362345 
452.548340  	8.359011 
409.799951  	8.351587 
373.180921  	8.398373 
344.650548  	8.339937 
326.337249  	8.354818 
320.000000  	8.333277 
326.337249  	8.344681 
344.650548  	8.384663 
373.180921  	8.307891 
409.799951  	8.365031 
452.548340  	8.391728 
499.855979  	8.434595 
550.548817  	8.397583 
603.774792  	8.381104 
658.920329  	8.402756 
715.541753  	8.383764 
773.314942  	8.380650 
832.000000  	8.360437 
891.416850  	8.352412 
951.428400  	8.369940 
1011.928851  	8.366493 
1072.835495  	8.343169 
1134.082889  	8.320847 
1195.618668  	8.383706 
1257.400493  	8.338216 
1319.393800  	8.384593 
1381.570121  	8.376699 
1443.905814  	8.388080 
1506.381094  	8.423975 
1568.979286  	8.387186 
1631.686244  	8.367922 
1694.489894  	8.393061 
1757.379868  	8.392874 
1820.347220  	8.432487 
1883.384188  	8.416846 
1946.484010  	8.413557 
2009.640764  	8.319973 
2072.849247  	8.355992 
2136.104866  	8.392721 
2199.403556  	8.309202 
1770.152536  	8.559348 
1707.733000  	8.331013 
1645.434897  	8.204529 
1583.272560  	8.235983 
1521.262633  	8.293744 
1459.424544  	8.255620 
1397.781099  	8.268898 
1336.359233  	8.124520 
1275.190966  	8.080690 
1214.314622  	8.300213 
1153.776408  	8.363028 
1093.632479  	8.331869 
1033.951643  	8.355135 
974.818958  	8.378898 
916.340548  	8.299408 
858.650103  	8.313646 
801.917702  	8.320057 
746.361843  	8.339003 
692.265845  	8.356013 
640.000000  	8.448928 
590.050845  	8.384234 
543.058008  	8.352401 
499.855979  	8.307680 
461.510563  	8.297140 
429.325052  	8.324168 
404.771541  	8.327713 
389.296802  	8.316062 
384.000000  	8.325320 
389.296802  	8.348258 
404.771541  	8.342810 
429.325052  	8.374145 
461.510563  	8.351778 
499.855979  	8.408107 
543.058008  	8.355263 
590.050845  	8.393937 
640.000000  	8.396090 
692.265845  	8.406502 
746.361843  	8.397828 
801.917702  	8.379598 
858.650103  	8.380327 
916.340548  	8.353735 
974.818958  	8.355289 
1033.951643  	8.355408 
1093.632479  	8.354471 
1153.776408  	8.369246 
1214.314622  	8.347944 
1275.190966  	8.344511 
1336.359233  	8.332403 
1397.781099  	8.365042 
1459.424544  	8.398913 
1521.262633  	8.390225 
1583.272560  	8.370194 
1645.434897  	8.416521 
1707.733000  	8.399906 
1770.152536  	8.379706 
1832.681096  	8.301114 
1895.307891  	8.382170 
1958.023493  	8.409062 
2020.819636  	8.402294 
2083.689036  	8.303557 
2146.625258  	8.334371 
2209.622592  	8.191520 
1785.129687  	8.254184 
1723.252738  	8.068525 
1661.536638  	8.192255 
1600.000000  	8.239907 
1538.664356  	8.140929 
1477.554737  	8.194810 
1416.700392  	8.144676 
1356.135686  	8.280786 
1295.901231  	8.215706 
1236.045307  	8.232970 
1176.625684  	8.216704 
1117.711949  	8.339981 
1059.388503  	8.340500 
1001.758454  	8.355982 
944.948676  	8.359392 
889.116415  	8.338771 
834.457908  	8.262984 
781.219559  	8.338271 
729.712272  	8.274872 
680.329332  	8.320994 
633.567676  	8.325252 
590.050845  	8.365761 
550.548817  	8.324930 
515.984496  	8.290472 
487.409479  	8.317592 
465.927033  	8.306343 
452.548340  	8.305710 
448.000000  	8.330607 
452.548340  	8.328469 
465.927033  	8.315676 
487.409479  	8.329805 
515.984496  	8.367346 
550.548817  	8.386952 
590.050845  	8.356309 
633.567676  	8.372146 
680.329332  	8.402895 
729.712272  	8.349410 
781.219559  	8.383048 
834.457908  	8.392985 
889.116415  	8.372009 
944.948676  	8.378320 
1001.758454  	8.339344 
1059.388503  	8.380274 
1117.711949  	8.336100 
1176.625684  	8.366160 
1236.045307  	8.374315 
1295.901231  	8.383331 
1356.135686  	8.372496 
1416.700392  	8.377717 
1477.554737  	8.365943 
1538.664356  	8.386016 
1600.000000  	8.369629 
1661.536638  	8.396885 
1723.252738  	8.353378 
1785.129687  	8.372294 
1847.151320  	8.344793 
1909.303538  	8.326984 
1971.573990  	8.341854 
2033.951819  	8.334546 
2096.427437  	8.378080 
2158.992358  	8.367134 
2221.639035  	8.298809 
1802.256364  	8.177119 
1740.988225  	8.225580 
1679.923808  	8.119946 
1619.086162  	8.259791 
1558.501845  	8.131095 
1498.201589  	8.320679 
1438.221123  	8.475476 
1378.602191  	8.431167 
1319.393800  	8.270843 
1260.653799  	8.311071 
1202.450831  	8.224867 
1144.866804  	8.212667 
1088.000000  	8.278807 
1031.968992  	8.361659 
976.917601  	8.315976 
923.021127  	8.303535 
870.494113  	8.327718 
819.599902  	8.325670 
770.662053  	8.346695 
724.077344  	8.421179 
680.329332  	8.323713 
640.000000  	8.336585 
603.774792  	8.325573 
572.433402  	8.317385 
546.816240  	8.304981 
527.757520  	8.325254 
515.984496  	8.320687 
512.000000  	8.317710 
515.984496  	8.345261 
527.757520  	8.381124 
546.816240  	8.325985 
572.433402  	8.350502 
603.774792  	8.378105 
640.000000  	8.307539 
680.329332  	8.392469 
724.077344  	8.395066 
770.662053  	8.391655 
819.599902  	8.344949 
870.494113  	8.366909 
923.021127  	8.384658 
976.917601  	8.368848 
1031.968992  	8.362894 
1088.000000  	8.354950 
1144.866804  	8.360363 
1202.450831  	8.342006 
1260.653799  	8.372184 
1319.393800  	8.401217 
1378.602191  	8.378535 
1438.221123  	8.421934 
1498.201589  	8.366957 
1558.501845  	8.350753 
1619.086162  	8.346899 
1679.923808  	8.343230 
1740.988225  	8.286854 
1802.256364  	8.261798 
1863.708132  	8.345040 
1925.325946  	8.371605 
1987.094361  	8.319155 
2048.999756  	8.321994 
2111.030080  	8.403039 
2173.174636  	8.312607 
2235.423897  	8.357403 
1821.471932  	8.276001 
1760.872511  	8.095847 
1700.522273  	8.244707 
1640.448719  	8.244265 
1580.683397  	8.240793 
1521.262633  	7.972475 
1462.228436  	8.190181 
1403.629581  	8.254602 
1345.522947  	8.250388 
1287.975155  	8.345070 
1231.064580  	8.271031 
1174.883824  	8.308263 
1119.542764  	8.422975 
1065.172287  	8.317212 
1011.928851  	8.303637 
960.000000  	8.355476 
909.610906  	8.324582 
861.031939  	8.322855 
814.587012  	8.342506 
770.662053  	8.394701 
729.712272  	8.353659 
692.265845  	8.293462 
658.920329  	8.283199 
630.326899  	8.309347 
607.157311  	8.336896 
590.050845  	8.296171 
579.544649  	8.326087 
576.000000  	8.337564 
579.544649  	8.344735 
590.050845  	8.366731 
607.157311  	8.338723 
630.326899  	8.338236 
658.920329  	8.311248 
692.265845  	8.355663 
729.712272  	8.327910 
770.662053  	8.381227 
814.587012  	8.362035 
861.031939  	8.376295 
909.610906  	8.410436 
960.000000  	8.386612 
1011.928851  	8.325149 
1065.172287  	8.362919 
1119.542764  	8.371100 
1174.883824  	8.359486 
1231.064580  	8.379566 
1287.975155  	8.384507 
1345.522947  	8.402799 
1403.629581  	8.366882 
1462.228436  	8.365717 
1521.262633  	8.392404 
1580.683397  	8.367045 
1640.448719  	8.298343 
1700.522273  	8.295981 
1760.872511  	8.255416 
1821.471932  	8.241257 
1882.296470  	8.305792 
1943.324986  	8.238843 
2004.538850  	8.296676 
2065.921586  	8.322837 
2127.458578  	8.316252 
2189.136816  	8.271802 
2250.944691  	8.298418 
1842.711046  	8.323539 
1782.833699  	8.239216 
1723.252738  	8.214471 
1664.000000  	8.268640 
1605.111834  	8.269950 
1546.629885  	8.212595 
1488.602029  	8.223689 
1431.083506  	8.230488 
1374.138275  	8.129681 
1317.840658  	8.196378 
1262.277307  	8.321619 
1207.549585  	8.237391 
1153.776408  	8.337808 
1101.097634  	8.401719 
1049.678046  	8.308054 
999.711959  	8.398921 
951.428400  	8.351580 
905.096680  	8.372306 
861.031939  	8.343505 
819.599902  	8.357776 
781.219559  	8.363316 
746.361843  	8.309878 
715.541753  	8.303612 
689.301095  	8.258274 
668.179617  	8.341779 
652.674498  	8.341267 
643.192040  	8.338647 
640.000000  	8.352406 
643.192040  	8.334737 
652.674498  	8.346392 
668.179617  	8.309959 
689.301095  	8.344043 
715.541753  	8.375129 
746.361843  	8.335748 
781.219559  	8.299438 
819.599902  	8.326445 
861.031939  	8.383821 
905.096680  	8.378355 
951.428400  	8.426952 
999.711959  	8.371940 
1049.678046  	8.350978 
1101.097634  	8.339793 
1153.776408  	8.392258 
1207.549585  	8.341574 
1262.277307  	8.400927 
1317.840658  	8.385352 
1374.138275  	8.329449 
1431.083506  	8.395560 
1488.602029  	8.384830 
1546.629885  	8.398235 
1605.111834  	8.362438 
1664.000000  	8.215039 
1723.252738  	8.300178 
1782.833699  	8.331729 
1842.711046  	8.336245 
1902.856800  	8.287142 
1963.246291  	8.321882 
2023.857703  	8.313821 
2084.671677  	8.253955 
2145.670991  	8.322453 
2206.840275  	8.295885 
2268.165779  	8.274920 
1865.904606  	8.200928 
1806.796059  	8.284981 
1748.032036  	8.366737 
1689.648484  	8.304282 
1631.686244  	8.312317 
1574.191856  	8.252498 
1517.218508  	8.272196 
1460.827163  	8.134567 
1405.087898  	8.267035 
1350.081479  	8.305311 
1295.901231  	8.302735 
1242.655222  	8.269768 
1190.468815  	8.365997 
1139.487604  	8.328751 
1089.880727  	8.293159 
1041.844518  	8.508669 
995.606348  	8.315480 
951.428400  	8.329138 
909.610906  	8.332888 
870.494113  	8.330440 
834.457908  	8.361502 
801.917702  	8.328184 
773.314942  	8.301220 
749.100794  	8.211878 
729.712272  	8.256750 
715.541753  	8.308781 
706.903105  	8.313164 
704.000000  	8.349353 
706.903105  	8.374165 
715.541753  	8.355807 
729.712272  	8.317933 
749.100794  	8.329256 
773.314942  	8.324052 
801.917702  	8.362315 
834.457908  	8.311773 
870.494113  	8.348733 
909.610906  	8.372385 
951.428400  	8.353948 
995.606348  	8.364048 
1041.844518  	8.361651 
1089.880727  	8.397031 
1139.487604  	8.380168 
1190.468815  	8.373092 
1242.655222  	8.355226 
1295.901231  	8.371144 
1350.081479  	8.382445 
1405.087898  	8.395574 
1460.827163  	8.323070 
1517.218508  	8.389209 
1574.191856  	8.443273 
1631.686244  	8.355882 
1689.648484  	8.336021 
1748.032036  	8.393307 
1806.796059  	8.348169 
1865.904606  	8.305523 
1925.325946  	8.285732 
1985.031990  	8.271915 
2044.997800  	8.222973 
2105.201178  	8.357414 
2165.622312  	8.320002 
2226.243473  	8.249192 
2287.048753  	8.164520 
1890.980698  	8.233745 
1832.681096  	7.595051 
1774.774352  	8.239097 
1717.300207  	8.308878 
1660.303587  	8.291992 
1603.835403  	8.381680 
1547.953488  	8.333402 
1492.723685  	8.287570 
1438.221123  	8.305238 
1384.531690  	8.339711 
1331.753731  	8.305017 
1280.000000  	8.257301 
1229.399854  	8.311771 
1180.101691  	8.301094 
1132.275585  	8.278031 
1086.116016  	8.259671 
1041.844518  	8.250164 
999.711959  	8.278698 
960.000000  	8.287632 
923.021127  	8.362085 
889.116415  	8.359178 
858.650103  	8.355060 
832.000000  	8.292662 
809.543081  	8.385964 
791.636280  	8.349295 
778.593604  	8.281054 
770.662053  	8.334522 
768.000000  	8.349447 
770.662053  	8.281784 
778.593604  	8.348526 
791.636280  	8.306031 
809.543081  	8.329082 
832.000000  	8.300208 
858.650103  	8.311470 
889.116415  	8.295747 
923.021127  	8.351888 
960.000000  	8.305185 
999.711959  	8.329437 
1041.844518  	8.363275 
1086.116016  	8.397445 
1132.275585  	8.442610 
1180.101691  	8.403184 
1229.399854  	8.357368 
1280.000000  	8.378623 
1331.753731  	8.391441 
1384.531690  	8.381012 
1438.221123  	8.383765 
1492.723685  	8.339135 
1547.953488  	8.305512 
1603.835403  	8.348032 
1660.303587  	8.329306 
1717.300207  	8.323978 
1774.774352  	8.204975 
1832.681096  	8.214858 
1890.980698  	8.295522 
1949.637915  	8.331334 
2008.621418  	8.282280 
2067.903286  	8.207767 
2127.458578  	8.334766 
2187.264959  	8.379004 
2247.302383  	8.318529 
2307.552816  	8.348446 
1917.865480  	8.175873 
1860.408557  	8.271188 
1803.392359  	8.236270 
1746.860040  	8.198191 
1690.860136  	8.301090 
1635.447339  	8.387966 
1580.683397  	8.374290 
1526.638137  	8.349113 
1473.390647  	8.275444 
1421.030612  	8.348374 
1369.659812  	8.317697 
1319.393800  	8.309215 
1270.363727  	8.295366 
1222.718283  	8.265976 
1176.625684  	8.303339 
1132.275585  	8.279235 
1089.880727  	8.241624 
1049.678046  	8.297045 
1011.928851  	8.271482 
976.917601  	8.300860 
944.948676  	8.318445 
916.340548  	8.307506 
891.416850  	8.208950 
870.494113  	8.288638 
853.866500  	8.374690 
841.788572  	8.341345 
834.457908  	8.266245 
832.000000  	8.264444 
834.457908  	8.204409 
841.788572  	8.334209 
853.866500  	8.333713 
870.494113  	8.284647 
891.416850  	8.273200 
916.340548  	8.318694 
944.948676  	8.294761 
976.917601  	8.351596 
1011.928851  	8.294176 
1049.678046  	8.335979 
1089.880727  	8.398615 
1132.275585  	8.362051 
1176.625684  	8.412222 
1222.718283  	8.355238 
1270.363727  	8.376220 
1319.393800  	8.395188 
1369.659812  	8.398943 
1421.030612  	8.417370 
1473.390647  	8.375284 
1526.638137  	8.391512 
1580.683397  	8.354267 
1635.447339  	8.373225 
1690.860136  	8.263507 
1746.860040  	8.216248 
1803.392359  	8.305244 
1860.408557  	8.292047 
1917.865480  	8.314664 
1975.724677  	8.194667 
2033.951819  	8.254526 
2092.516189  	8.300541 
2151.390248  	8.298026 
2210.549253  	8.399812 
2269.970925  	8.287316 
2329.635165  	8.296300 
1946.484010  	8.346648 
1889.897352  	8.346489 
1833.798244  	8.347140 
1778.232831  	8.341192 
1723.252738  	8.288049 
1668.915816  	8.289952 
1615.286971  	8.353465 
1562.439119  	8.375797 
1510.454236  	8.324338 
1459.424544  	8.351269 
1409.453795  	8.303377 
1360.658664  	8.386426 
1313.170210  	8.344497 
1267.135352  	8.237474 
1222.718283  	8.328994 
1180.101691  	8.335805 
1139.487604  	8.301507 
1101.097634  	8.297601 
1065.172287  	8.311150 
1031.968992  	8.233360 
1001.758454  	8.298573 
974.818958  	8.160628 
951.428400  	8.308967 
931.854066  	8.216387 
916.340548  	8.221462 
905.096680  	8.233509 
898.282806  	8.238304 
896.000000  	8.353589 
898.282806  	8.189073 
905.096680  	8.261961 
916.340548  	8.257149 
931.854066  	8.297590 
951.428400  	8.299174 
974.818958  	8.295141 
1001.758454  	8.294105 
1031.968992  	8.315420 
1065.172287  	8.324052 
1101.097634  	8.362769 
1139.487604  	8.351998 
1180.101691  	8.377501 
1222.718283  	8.390150 
1267.135352  	8.330646 
1313.170210  	8.376939 
1360.658664  	8.409421 
1409.453795  	8.326331 
1459.424544  	8.424279 
1510.454236  	8.332976 
1562.439119  	8.406353 
1615.286971  	8.366664 
1668.915816  	8.377501 
1723.252738  	8.277627 
1778.232831  	8.357057 
1833.798244  	8.288423 
1889.897352  	8.274788 
1946.484010  	8.269218 
2003.516908  	8.280884 
2060.959000  	8.343268 
2118.777006  	8.327978 
2176.940973  	8.306125 
2235.423897  	8.247755 
2294.201386  	8.240348 
2353.251368  	8.242030 
1976.760987  	8.175789 
1921.066371  	8.365401 
1865.904606  	8.291517 
1811.324377  	8.344394 
1757.379868  	8.309736 
1704.131450  	8.378415 
1651.646451  	8.451524 
1600.000000  	8.407882 
1549.275960  	8.314515 
1499.567938  	8.364165 
1450.980358  	8.338624 
1403.629581  	8.379222 
1357.645020  	8.374532 
1313.170210  	8.337248 
1270.363727  	8.297006 
1229.399854  	8.276169 
1190.468815  	8.255668 
1153.776408  	8.296783 
1119.542764  	8.319620 
1088.000000  	8.287760 
1059.388503  	8.273966 
1033.951643  	8.240367 
1011.928851  	8.308472 
993.547181  	8.219342 
979.011747  	8.205237 
968.495741  	8.296956 
962.130968  	8.260741 
960.000000  	8.330019 
962.130968  	8.256909 
968.495741  	8.274777 
979.011747  	8.310525 
993.547181  	8.269632 
1011.928851  	8.319951 
1033.951643  	8.296472 
1059.388503  	8.255588 
1088.000000  	8.280583 
1119.542764  	8.184095 
1153.776408  	8.310106 
1190.468815  	8.321991 
1229.399854  	8.388502 
1270.363727  	8.344710 
1313.170210  	8.351141 
1357.645020  	8.341113 
1403.629581  	8.360652 
1450.980358  	8.370947 
1499.567938  	8.388011 
1549.275960  	8.421726 
1600.000000  	8.381232 
1651.646451  	8.364192 
1704.131450  	8.271853 
1757.379868  	8.287388 
1811.324377  	8.183996 
1865.904606  	8.284657 
1921.066371  	8.296418 
1976.760987  	8.315133 
2032.944662  	8.314337 
2089.577948  	8.341534 
2146.625258  	8.264099 
2204.054446  	8.252619 
2261.836422  	8.279223 
2319.944827  	8.218623 
2378.355735  	8.483816 
2008.621418  	8.211191 
1953.835203  	8.341753 
1899.625226  	8.390143 
1846.042253  	8.250386 
1793.142493  	8.584605 
1740.988225  	8.251026 
1689.648484  	8.365930 
1639.199805  	8.441751 
1589.727021  	8.413678 
1541.324106  	8.368058 
1494.095044  	8.346181 
1448.154688  	8.644790 
1403.629581  	8.637658 
1360.658664  	8.359750 
1319.393800  	8.356352 
1280.000000  	8.304683 
1242.655222  	8.239718 
1207.549585  	8.198629 
1174.883824  	8.284922 
1144.866804  	8.186080 
1117.711949  	8.313152 
1093.632479  	8.265270 
1072.835495  	8.343151 
1055.515040  	8.385847 
1041.844518  	8.178296 
1031.968992  	8.250938 
1025.998051  	8.258784 
1024.000000  	8.185610 
1025.998051  	8.195726 
1031.968992  	8.414742 
1041.844518  	8.410714 
1055.515040  	8.356483 
1072.835495  	8.350805 
1093.632479  	8.280727 
1117.711949  	8.382132 
1144.866804  	8.321675 
1174.883824  	8.369892 
1207.549585  	8.324524 
1242.655222  	8.306377 
1280.000000  	8.346764 
1319.393800  	8.282123 
1360.658664  	8.318859 
1403.629581  	8.264870 
1448.154688  	8.368821 
1494.095044  	8.363116 
1541.324106  	8.355472 
1589.727021  	8.375990 
1639.199805  	8.369778 
1689.648484  	8.329655 
1740.988225  	8.222407 
1793.142493  	8.268551 
1846.042253  	8.286385 
1899.625226  	8.247033 
1953.835203  	8.249884 
2008.621418  	8.279042 
2063.937984  	8.293959 
2119.743381  	8.332833 
2176.000000  	8.330493 
2232.673733  	8.203022 
2289.733609  	8.249084 
2347.151465  	8.363053 
2404.901661  	8.259334 
2041.991185  	8.210985 
1988.124745  	8.287041 
1934.875707  	8.177932 
1882.296470  	8.327134 
1830.444755  	8.332990 
1779.384163  	8.216463 
1729.184779  	8.330031 
1679.923808  	8.315423 
1631.686244  	8.416154 
1584.565556  	8.347001 
1538.664356  	8.287762 
1494.095044  	8.701122 
1450.980358  	8.310261 
1409.453795  	8.255158 
1369.659812  	8.312657 
1331.753731  	8.210930 
1295.901231  	8.270205 
1262.277307  	8.245979 
1231.064580  	8.351235 
1202.450831  	8.337209 
1176.625684  	8.279735 
1153.776408  	8.176674 
1134.082889  	8.229935 
1117.711949  	8.269120 
1104.811296  	8.259001 
1095.503537  	8.249059 
1089.880727  	8.284529 
1088.000000  	8.140269 
1089.880727  	8.138202 
1095.503537  	8.289250 
1104.811296  	8.299709 
1117.711949  	8.330314 
1134.082889  	8.297251 
1153.776408  	8.299619 
1176.625684  	8.355330 
1202.450831  	8.410428 
1231.064580  	8.357568 
1262.277307  	8.295957 
1295.901231  	8.201279 
1331.753731  	8.211398 
1369.659812  	8.293239 
1409.453795  	8.291409 
1450.980358  	8.320903 
1494.095044  	8.367687 
1538.664356  	8.349938 
1584.565556  	8.387781 
1631.686244  	8.384009 
1679.923808  	8.360406 
1729.184779  	8.335466 
1779.384163  	8.243763 
1830.444755  	8.270562 
1882.296470  	8.422288 
1934.875707  	8.157958 
1988.124745  	8.297955 
2041.991185  	8.294731 
2096.427437  	8.274896 
2151.390248  	8.265754 
2206.840275  	8.134978 
2262.741700  	8.172123 
2319.061879  	8.285362 
2375.771033  	8.241483 
2432.841960  	8.138479 
2076.797535  	8.374407 
2023.857703  	8.071182 
1971.573990  	8.350429 
1920.000000  	8.314161 
1869.194479  	8.327401 
1819.221812  	8.238156 
1770.152536  	8.194058 
1722.063878  	8.300475 
1675.040298  	8.385345 
1629.174024  	8.387923 
1584.565556  	8.314241 
1541.324106  	8.587354 
1499.567938  	8.358494 
1459.424544  	8.383539 
1421.030612  	8.277182 
1384.531690  	8.336061 
1350.081479  	8.241085 
1317.840658  	8.278031 
1287.975155  	8.304002 
1260.653799  	8.319950 
1236.045307  	8.428568 
1214.314622  	8.620804 
1195.618668  	8.239490 
1180.101691  	8.140692 
1167.890406  	8.022627 
1159.089298  	8.179087 
1153.776408  	8.289430 
1152.000000  	8.277394 
1153.776408  	8.317131 
1159.089298  	8.330528 
1167.890406  	8.210676 
1180.101691  	8.334836 
1195.618668  	8.334250 
1214.314622  	8.371270 
1236.045307  	8.236318 
1260.653799  	8.279628 
1287.975155  	8.213409 
1317.840658  	8.295537 
1350.081479  	8.296168 
1384.531690  	8.295453 
1421.030612  	8.310055 
1459.424544  	8.296421 
1499.567938  	8.398233 
1541.324106  	8.374477 
1584.565556  	8.365979 
1629.174024  	8.330958 
1675.040298  	8.346314 
1722.063878  	8.382938 
1770.152536  	8.232919 
1819.221812  	8.308454 
1869.194479  	8.260236 
1920.000000  	8.352972 
1971.573990  	8.285065 
2023.857703  	8.231872 
2076.797535  	8.200687 
2130.344573  	8.292207 
2184.454165  	8.251047 
2239.085528  	8.261924 
2294.201386  	8.017598 
2349.767648  	8.223952 
2405.753105  	8.214942 
2462.129160  	8.332211 
2112.969474  	8.273067 
2060.959000  	8.326363 
2009.640764  	8.196473 
1959.069167  	8.168412 
1909.303538  	8.360794 
1860.408557  	8.297852 
1812.454689  	8.247287 
1765.518621  	8.233734 
1719.683692  	8.317909 
1675.040298  	8.235873 
1631.686244  	8.362055 
1589.727021  	8.519431 
1549.275960  	8.525301 
1510.454236  	8.378640 
1473.390647  	8.156458 
1438.221123  	8.231557 
1405.087898  	8.238636 
1374.138275  	8.109666 
1345.522947  	8.199384 
1319.393800  	8.351282 
1295.901231  	8.295255 
1275.190966  	8.282432 
1257.400493  	8.223134 
1242.655222  	8.265874 
1231.064580  	8.176523 
1222.718283  	8.243254 
1217.683046  	8.243498 
1216.000000  	8.327687 
1217.683046  	8.269627 
1222.718283  	8.250747 
1231.064580  	8.277377 
1242.655222  	8.218271 
1257.400493  	8.319649 
1275.190966  	8.340788 
1295.901231  	7.976369 
1319.393800  	8.258519 
1345.522947  	8.265795 
1374.138275  	8.222872 
1405.087898  	8.304592 
1438.221123  	8.207393 
1473.390647  	8.225568 
1510.454236  	8.350265 
1549.275960  	8.323272 
1589.727021  	8.320490 
1631.686244  	8.354962 
1675.040298  	8.379608 
1719.683692  	8.217161 
1765.518621  	8.267432 
1812.454689  	8.240986 
1860.408557  	8.263449 
1909.303538  	8.234511 
1959.069167  	8.310278 
2009.640764  	8.250419 
2060.959000  	8.262382 
2112.969474  	8.173144 
2165.622312  	8.269520 
2218.871785  	8.166010 
2272.675956  	8.380453 
2326.996347  	8.369288 
2381.797640  	8.299382 
2437.047394  	8.232242 
2492.715788  	7.966724 
2150.438095  	8.126099 
2099.356092  	8.258953 
2048.999756  	8.236324 
1999.423917  	8.251180 
1950.688084  	8.127552 
1902.856800  	8.570271 
1856.000000  	8.383161 
1810.193360  	8.403258 
1765.518621  	8.306903 
1722.063878  	8.308530 
1679.923808  	8.327525 
1639.199805  	8.385632 
1600.000000  	8.454816 
1562.439119  	8.375713 
1526.638137  	8.372594 
1492.723685  	8.347737 
1460.827163  	8.306731 
1431.083506  	8.290397 
1403.629581  	8.281286 
1378.602191  	8.224774 
1356.135686  	8.294647 
1336.359233  	8.228192 
1319.393800  	8.365586 
1305.348995  	8.293713 
1294.319899  	7.994448 
1286.384080  	8.264243 
1281.599001  	8.309671 
1280.000000  	8.291995 
1281.599001  	8.305115 
1286.384080  	8.190007 
1294.319899  	8.241712 
1305.348995  	8.208725 
1319.393800  	8.200714 
1336.359233  	8.262760 
1356.135686  	8.162054 
1378.602191  	8.276168 
1403.629581  	8.281194 
1431.083506  	8.282227 
1460.827163  	8.296384 
1492.723685  	8.262559 
1526.638137  	8.249314 
1562.439119  	8.276091 
1600.000000  	8.324028 
1639.199805  	8.222017 
1679.923808  	8.318087 
1722.063878  	8.247038 
1765.518621  	8.202154 
1810.193360  	8.208782 
1856.000000  	8.300700 
1902.856800  	8.336932 
1950.688084  	8.155656 
1999.423917  	7.924718 
2048.999756  	8.212729 
2099.356092  	8.258634 
2150.438095  	8.195917 
2202.195268  	8.021472 
2254.581114  	8.358510 
2307.552816  	8.372000 
2361.070943  	8.135208 
2415.099170  	8.274231 
2469.604017  	8.377745 
2524.554614  	8.294333 
2189.136816  	8.120148 
2138.979196  	7.936096 
2089.577948  	8.162467 
2040.987996  	8.294513 
1993.268672  	8.256192 
1946.484010  	8.246993 
1900.703028  	8.317514 
1856.000000  	8.228516 
1812.454689  	7.987931 
1770.152536  	8.184080 
1729.184779  	8.335707 
1689.648484  	8.165990 
1651.646451  	8.154861 
1615.286971  	8.326702 
1580.683397  	8.332767 
1547.953488  	8.261320 
1517.218508  	8.145655 
1488.602029  	8.343475 
1462.228436  	8.368572 
1438.221123  	8.020196 
1416.700392  	8.315595 
1397.781099  	8.212091 
1381.570121  	8.504955 
1368.163733  	8.341826 
1357.645020  	8.209983 
1350.081479  	8.052218 
1345.522947  	8.252571 
1344.000000  	8.278385 
1345.522947  	8.322943 
1350.081479  	8.349377 
1357.645020  	8.305743 
1368.163733  	8.235720 
1381.570121  	8.293435 
1397.781099  	8.261201 
1416.700392  	8.053750 
1438.221123  	8.145066 
1462.228436  	8.355890 
1488.602029  	8.202229 
1517.218508  	8.211221 
1547.953488  	8.252184 
1580.683397  	8.295251 
1615.286971  	8.314868 
1651.646451  	8.222305 
1689.648484  	8.099920 
1729.184779  	8.216969 
1770.152536  	8.317268 
1812.454689  	8.245597 
1856.000000  	8.084102 
1900.703028  	8.368732 
1946.484010  	8.190842 
1993.268672  	8.313843 
2040.987996  	8.283487 
2089.577948  	8.338581 
2138.979196  	8.195260 
2189.136816  	8.321160 
2240.000000  	8.174488 
2291.521765  	8.317943 
2343.658678  	8.275393 
2396.370589  	8.258070 
2449.620379  	8.067395 
2503.373724  	8.269458 
2557.598874  	8.065420 
2229.001570  	8.195975 
2179.761455  	7.715475 
2131.305703  	8.313390 
2083.689036  	8.271073 
2036.970299  	8.236314 
1991.212696  	8.298349 
1946.484010  	8.210604 
1902.856800  	8.377421 
1860.408557  	8.115698 
1819.221812  	8.379536 
1779.384163  	8.239524 
1740.988225  	8.228836 
1704.131450  	7.942172 
1668.915816  	8.363268 
1635.447339  	8.226635 
1603.835403  	8.298965 
1574.191856  	8.230450 
1546.629885  	8.322021 
1521.262633  	8.293878 
1498.201589  	8.273794 
1477.554737  	8.133033 
1459.424544  	8.324827 
1443.905814  	8.266908 
1431.083506  	8.265358 
1421.030612  	8.297109 
1413.806210  	8.292060 
1409.453795  	8.087392 
1408.000000  	8.407886 
1409.453795  	8.227486 
1413.806210  	8.274127 
1421.030612  	8.433726 
1431.083506  	8.085728 
1443.905814  	8.056935 
1459.424544  	8.172929 
1477.554737  	8.304952 
1498.201589  	8.322408 
1521.262633  	8.298195 
1546.629885  	8.158291 
1574.191856  	8.137313 
1603.835403  	8.175557 
1635.447339  	8.255964 
1668.915816  	8.214611 
1704.131450  	7.949176 
1740.988225  	8.198709 
1779.384163  	8.300718 
1819.221812  	8.349418 
1860.408557  	8.219836 
1902.856800  	8.251185 
1946.484010  	8.421208 
1991.212696  	8.314495 
2036.970299  	8.313329 
2083.689036  	8.334341 
2131.305703  	7.989952 
2179.761455  	8.377673 
2229.001570  	8.169798 
2278.975208  	8.012383 
2329.635165  	8.311022 
2380.937630  	8.193435 
2432.841960  	8.068233 
2485.310443  	8.120938 
2538.308098  	8.389371 
2591.802462  	8.272576 
2269.970925  	8.303883 
2221.639035  	8.374096 
2174.116832  	8.238531 
2127.458578  	8.106165 
2081.722364  	8.387694 
2036.970299  	8.452129 
1993.268672  	8.224748 
1950.688084  	8.565314 
1909.303538  	8.240321 
1869.194479  	8.193110 
1830.444755  	8.031938 
1793.142493  	7.910453 
1757.379868  	8.132652 
1723.252738  	8.272556 
1690.860136  	8.074403 
1660.303587  	8.084120 
1631.686244  	8.200741 
1605.111834  	8.201585 
1580.683397  	8.221052 
1558.501845  	8.249118 
1538.664356  	8.168165 
1521.262633  	8.320490 
1506.381094  	8.255593 
1494.095044  	8.109987 
1484.468929  	8.358146 
1477.554737  	8.453763 
1473.390647  	8.306989 
1472.000000  	8.400360 
1473.390647  	8.210439 
1477.554737  	8.357063 
1484.468929  	8.223802 
1494.095044  	8.203943 
1506.381094  	8.276191 
1521.262633  	8.580868 
1538.664356  	8.286807 
1558.501845  	8.344455 
1580.683397  	8.362746 
1605.111834  	8.240011 
1631.686244  	8.191671 
1660.303587  	8.328897 
1690.860136  	8.023464 
1723.252738  	8.049331 
1757.379868  	8.285800 
1793.142493  	8.278123 
1830.444755  	8.180359 
1869.194479  	8.281125 
1909.303538  	8.351463 
1950.688084  	8.235839 
1993.268672  	8.259727 
2036.970299  	8.218618 
2081.722364  	8.366900 
2127.458578  	8.327014 
2174.116832  	8.161850 
2221.639035  	8.226298 
2269.970925  	8.452314 
2319.061879  	8.329088 
2368.864707  	8.268088 
2419.335446  	8.100404 
2470.433160  	8.281459 
2522.119743  	8.377742 
2574.359726  	8.433326 
2627.120096  	8.304516 
