2983.388677  	7.792548 
2946.781295  	7.774917 
2911.120746  	7.949318 
2876.442247  	8.082864 
2842.781736  	7.787510 
2810.175795  	7.742758 
2778.661548  	7.986231 
2748.276551  	7.786167 
2719.058661  	7.864970 
2691.045893  	7.830550 
2664.276262  	7.599932 
2638.787600  	7.758438 
2614.617372  	8.027214 
2591.802462  	7.955879 
2570.378960  	7.758533 
2550.381932  	7.671224 
2531.845177  	7.788075 
2514.800986  	7.668270 
2499.279896  	8.010044 
2485.310443  	7.675386 
2472.918923  	7.621891 
2462.129160  	7.848092 
2452.962291  	8.413287 
2445.436566  	7.716124 
2439.567175  	7.641992 
2435.366092  	7.766664 
2432.841960  	7.938256 
2432.000000  	7.691028 
2432.841960  	7.793300 
2435.366092  	7.684203 
2439.567175  	7.685030 
2445.436566  	7.713557 
2452.962291  	7.751867 
2462.129160  	7.813258 
2472.918923  	7.739017 
2485.310443  	7.708810 
2499.279896  	7.735991 
2514.800986  	7.864144 
2531.845177  	7.948788 
2550.381932  	7.762404 
2570.378960  	7.932343 
2591.802462  	7.851088 
2614.617372  	7.812830 
2638.787600  	7.798687 
2664.276262  	7.829326 
2691.045893  	7.797975 
2719.058661  	7.824336 
2748.276551  	7.726752 
2778.661548  	7.718053 
2810.175795  	7.713345 
2842.781736  	7.684960 
2876.442247  	7.695627 
2911.120746  	7.714796 
2946.781295  	7.689928 
2983.388677  	7.699147 
3020.908473  	7.808399 
3059.307111  	7.719005 
3098.551920  	7.724654 
3138.611158  	7.658639 
3179.454041  	7.668221 
3221.050760  	7.791213 
3263.372489  	7.742734 
2931.451518  	7.553049 
2894.187278  	7.659044 
2857.870536  	7.802790 
2822.537865  	8.057996 
2788.226677  	7.793143 
2754.975136  	7.951869 
2722.822065  	8.159457 
2691.806828  	7.781173 
2661.969196  	7.921461 
2633.349198  	7.904843 
2605.986953  	7.699042 
2579.922479  	7.729716 
2555.195492  	7.959736 
2531.845177  	7.930409 
2509.909959  	7.813433 
2489.427243  	7.710789 
2470.433160  	7.956264 
2452.962291  	7.762612 
2437.047394  	7.787756 
2422.719134  	7.823128 
2410.005809  	7.851585 
2398.933096  	7.813601 
2389.523802  	7.932705 
2381.797640  	7.835590 
2375.771033  	7.756091 
2371.456936  	7.800533 
2368.864707  	7.775893 
2368.000000  	7.734199 
2368.864707  	7.754872 
2371.456936  	7.701519 
2375.771033  	7.918438 
2381.797640  	7.700127 
2389.523802  	7.765847 
2398.933096  	7.727418 
2410.005809  	7.691458 
2422.719134  	7.692420 
2437.047394  	7.725677 
2452.962291  	7.759753 
2470.433160  	7.789487 
2489.427243  	7.751003 
2509.909959  	7.917994 
2531.845177  	7.824216 
2555.195492  	7.813807 
2579.922479  	7.827468 
2605.986953  	7.798989 
2633.349198  	7.783941 
2661.969196  	7.817961 
2691.806828  	7.769246 
2722.822065  	7.786848 
2754.975136  	7.736857 
2788.226677  	7.716710 
2822.537865  	7.743010 
2857.870536  	7.735726 
2894.187278  	7.761558 
2931.451518  	7.766629 
2969.627586  	7.671474 
3008.680774  	7.704757 
3048.577373  	7.671669 
3089.284707  	7.613883 
3130.771151  	7.753174 
3173.006146  	7.686733 
3215.960199  	7.742354 
2880.000000  	7.699377 
2842.061224  	7.859533 
2805.069696  	7.618553 
2769.063380  	7.862705 
2734.081199  	7.786324 
2700.162958  	7.817285 
2667.349246  	7.664041 
2635.681316  	7.663062 
2605.200952  	7.934120 
2575.950310  	7.941659 
2547.971742  	8.104704 
2521.307597  	8.019414 
2496.000000  	7.877753 
2472.090613  	8.011760 
2449.620379  	7.912701 
2428.629243  	7.927443 
2409.155869  	7.964176 
2391.237337  	7.838016 
2374.908840  	7.797246 
2360.203381  	7.724082 
2347.151465  	7.754720 
2335.780812  	7.708299 
2326.116076  	7.790347 
2318.178595  	7.674949 
2311.986159  	7.689710 
2307.552816  	7.719347 
2304.888717  	7.690156 
2304.000000  	7.709537 
2304.888717  	7.705707 
2307.552816  	7.654770 
2311.986159  	7.664594 
2318.178595  	7.687207 
2326.116076  	7.725612 
2335.780812  	7.722541 
2347.151465  	7.666835 
2360.203381  	7.665597 
2374.908840  	7.830006 
2391.237337  	7.722765 
2409.155869  	7.756390 
2428.629243  	7.741674 
2449.620379  	7.829322 
2472.090613  	7.819134 
2496.000000  	7.816318 
2521.307597  	7.828758 
2547.971742  	7.804828 
2575.950310  	7.927912 
2605.200952  	7.811068 
2635.681316  	7.814376 
2667.349246  	7.729043 
2700.162958  	7.720411 
2734.081199  	7.764421 
2769.063380  	7.831497 
2805.069696  	7.787540 
2842.061224  	7.735700 
2880.000000  	7.720603 
2918.849088  	7.754680 
2958.572629  	7.749507 
2999.135876  	7.618265 
3040.505221  	7.659642 
3082.648212  	7.683268 
3125.533554  	7.717284 
3169.131111  	7.832054 
2829.060621  	7.819880 
2790.429358  	7.813897 
2752.744085  	7.703886 
2716.044182  	7.936989 
2680.370124  	7.756005 
2645.763406  	7.838342 
2612.266449  	7.849405 
2579.922479  	7.831221 
2548.775392  	7.967581 
2518.869588  	8.043705 
2490.249787  	7.816716 
2462.960820  	7.946256 
2437.047394  	7.858586 
2412.553834  	7.873435 
2389.523802  	7.831006 
2368.000000  	7.962040 
2348.023850  	7.898570 
2329.635165  	7.822459 
2312.871808  	7.655203 
2297.769353  	7.766908 
2284.360742  	7.787780 
2272.675956  	7.750143 
2262.741700  	7.745596 
2254.581114  	7.730579 
2248.213513  	7.664970 
2243.654162  	7.721379 
2240.914099  	7.701713 
2240.000000  	7.736168 
2240.914099  	7.676194 
2243.654162  	7.731334 
2248.213513  	7.710348 
2254.581114  	7.709587 
2262.741700  	7.710339 
2272.675956  	7.721880 
2284.360742  	7.675948 
2297.769353  	7.676985 
2312.871808  	7.728997 
2329.635165  	7.774554 
2348.023850  	7.767123 
2368.000000  	7.801604 
2389.523802  	7.780760 
2412.553834  	7.749652 
2437.047394  	7.800009 
2462.960820  	8.028968 
2490.249787  	7.766884 
2518.869588  	7.754635 
2548.775392  	7.785305 
2579.922479  	7.732015 
2612.266449  	7.712849 
2645.763406  	7.755809 
2680.370124  	7.728228 
2716.044182  	7.722247 
2752.744085  	7.716684 
2790.429358  	7.725530 
2829.060621  	7.718136 
2868.599658  	7.725682 
2909.009453  	7.750957 
2950.254226  	7.692523 
2992.299450  	7.755144 
3035.111860  	7.772752 
3078.659449  	7.750568 
3122.911462  	7.801972 
2778.661548  	8.003858 
2739.319624  	7.761395 
2700.921324  	7.934398 
2663.507462  	7.765118 
2627.120096  	7.855604 
2591.802462  	7.711178 
2557.598874  	7.876302 
2524.554614  	7.872293 
2492.715788  	7.659502 
2462.129160  	7.764234 
2432.841960  	7.908766 
2404.901661  	7.967018 
2378.355735  	7.948668 
2353.251368  	7.958843 
2329.635165  	8.030784 
2307.552816  	7.896390 
2287.048753  	7.906940 
2268.165779  	7.741913 
2250.944691  	7.797443 
2235.423897  	7.737182 
2221.639035  	7.728065 
2209.622592  	7.787814 
2199.403556  	7.646051 
2191.007074  	7.690757 
2184.454165  	7.671396 
2179.761455  	7.732208 
2176.940973  	7.699529 
2176.000000  	7.701647 
2176.940973  	7.634114 
2179.761455  	7.662966 
2184.454165  	7.658847 
2191.007074  	7.706610 
2199.403556  	7.617135 
2209.622592  	7.637706 
2221.639035  	7.644898 
2235.423897  	7.658013 
2250.944691  	7.739088 
2268.165779  	7.768769 
2287.048753  	7.816902 
2307.552816  	7.770364 
2329.635165  	7.841351 
2353.251368  	7.815448 
2378.355735  	7.786813 
2404.901661  	7.799438 
2432.841960  	7.776799 
2462.129160  	7.810639 
2492.715788  	7.743546 
2524.554614  	7.745482 
2557.598874  	7.771195 
2591.802462  	7.747365 
2627.120096  	7.866265 
2663.507462  	7.743774 
2700.921324  	7.759730 
2739.319624  	7.726107 
2778.661548  	7.832327 
2818.907590  	7.734595 
2860.019580  	7.717316 
2901.960716  	7.683034 
2944.695570  	7.834235 
2988.190088  	7.653584 
3032.411582  	7.773486 
3077.328712  	7.778115 
2728.832717  	7.830541 
2688.761797  	7.774010 
2649.630918  	7.652510 
2611.482338  	7.684826 
2574.359726  	7.958697 
2538.308098  	7.737695 
2503.373724  	7.839471 
2469.604017  	7.793778 
2437.047394  	7.827690 
2405.753105  	7.734972 
2375.771033  	7.818459 
2347.151465  	7.594807 
2319.944827  	7.881122 
2294.201386  	7.811689 
2269.970925  	7.944022 
2247.302383  	7.819983 
2226.243473  	7.555804 
2206.840275  	7.785189 
2189.136816  	7.832943 
2173.174636  	7.753910 
2158.992358  	7.653861 
2146.625258  	7.639032 
2136.104866  	7.699641 
2127.458578  	7.679990 
2120.709315  	7.690747 
2115.875233  	7.757461 
2112.969474  	7.694779 
2112.000000  	7.683660 
2112.969474  	7.679310 
2115.875233  	7.641243 
2120.709315  	7.696728 
2127.458578  	7.795214 
2136.104866  	7.718066 
2146.625258  	7.796131 
2158.992358  	7.719623 
2173.174636  	7.690955 
2189.136816  	7.731505 
2206.840275  	7.812416 
2226.243473  	7.820057 
2247.302383  	7.809791 
2269.970925  	7.856687 
2294.201386  	7.794388 
2319.944827  	7.738535 
2347.151465  	7.768256 
2375.771033  	7.780000 
2405.753105  	7.866926 
2437.047394  	7.732044 
2469.604017  	7.767784 
2503.373724  	7.738159 
2538.308098  	7.726777 
2574.359726  	7.773503 
2611.482338  	7.856262 
2649.630918  	7.722818 
2688.761797  	7.755370 
2728.832717  	7.776313 
2769.802881  	7.658178 
2811.632977  	7.734722 
2854.285199  	7.679233 
2897.723244  	7.784583 
2941.912303  	7.711323 
2986.819044  	7.843437 
3032.411582  	7.837070 
2679.605941  	7.745719 
2638.787600  	7.665436 
2598.904385  	7.716509 
2560.000000  	7.890186 
2522.119743  	7.897185 
2485.310443  	7.951863 
2449.620379  	8.073001 
2415.099170  	7.972825 
2381.797640  	7.757032 
2349.767648  	7.940072 
2319.061879  	7.919441 
2289.733609  	7.520292 
2261.836422  	7.801198 
2235.423897  	7.800719 
2210.549253  	7.947268 
2187.264959  	7.751625 
2165.622312  	7.758150 
2145.670991  	7.815118 
2127.458578  	7.729069 
2111.030080  	7.728267 
2096.427437  	7.717022 
2083.689036  	7.625316 
2072.849247  	7.671374 
2063.937984  	7.638252 
2056.980311  	7.691128 
2051.996101  	7.650771 
2048.999756  	7.640916 
2048.000000  	7.666797 
2048.999756  	7.697196 
2051.996101  	7.802986 
2056.980311  	7.779626 
2063.937984  	7.808123 
2072.849247  	7.712792 
2083.689036  	7.701208 
2096.427437  	7.741832 
2111.030080  	7.763095 
2127.458578  	7.799477 
2145.670991  	7.795495 
2165.622312  	7.855056 
2187.264959  	7.824771 
2210.549253  	7.794170 
2235.423897  	7.764777 
2261.836422  	7.749838 
2289.733609  	7.774527 
2319.061879  	7.781114 
2349.767648  	7.862269 
2381.797640  	7.764897 
2415.099170  	7.784751 
2449.620379  	7.711404 
2485.310443  	7.757962 
2522.119743  	7.792451 
2560.000000  	7.870656 
2598.904385  	7.810848 
2638.787600  	7.753137 
2679.605941  	7.695792 
2721.317328  	7.894091 
2763.881329  	7.755583 
2807.259162  	7.820091 
2851.413684  	7.732814 
2896.309376  	7.931145 
2941.912303  	7.734383 
2988.190088  	7.673384 
2631.015013  	7.764568 
2589.430825  	7.679156 
2548.775392  	7.876055 
2509.093860  	8.020888 
2470.433160  	7.827826 
2432.841960  	7.808265 
2396.370589  	7.804316 
2361.070943  	7.935574 
2326.996347  	7.687366 
2294.201386  	7.826206 
2262.741700  	7.828099 
2232.673733  	7.847707 
2204.054446  	7.931820 
2176.940973  	7.940073 
2151.390248  	7.878362 
2127.458578  	7.795063 
2105.201178  	7.863094 
2084.671677  	7.733187 
2065.921586  	7.750163 
2048.999756  	7.672830 
2033.951819  	7.679464 
2020.819636  	7.701814 
2009.640764  	7.659383 
2000.447950  	7.669140 
1993.268672  	7.677166 
1988.124745  	7.670157 
1985.031990  	7.677962 
1984.000000  	7.691996 
1985.031990  	7.685424 
1988.124745  	7.742189 
1993.268672  	7.697122 
2000.447950  	7.739371 
2009.640764  	7.745652 
2020.819636  	7.728272 
2033.951819  	7.766753 
2048.999756  	7.822484 
2065.921586  	7.814026 
2084.671677  	7.846943 
2105.201178  	7.869983 
2127.458578  	7.787113 
2151.390248  	7.851536 
2176.940973  	7.803953 
2204.054446  	7.784170 
2232.673733  	7.835085 
2262.741700  	7.804662 
2294.201386  	7.881593 
2326.996347  	7.741250 
2361.070943  	7.737911 
2396.370589  	7.705652 
2432.841960  	7.727185 
2470.433160  	7.751999 
2509.093860  	7.735154 
2548.775392  	7.736088 
2589.430825  	7.731682 
2631.015013  	7.652446 
2673.484617  	7.689951 
2716.798115  	7.878958 
2760.915790  	7.728746 
2805.799708  	7.746746 
2851.413684  	7.878243 
2897.723244  	7.909189 
2944.695570  	7.743493 
2583.095817  	7.724834 
2540.727455  	7.836882 
2499.279896  	7.826392 
2458.799707  	7.721817 
2419.335446  	7.832963 
2380.937630  	7.677529 
2343.658678  	7.749513 
2307.552816  	7.799543 
2272.675956  	7.791112 
2239.085528  	7.737871 
2206.840275  	7.711212 
2176.000000  	7.953861 
2146.625258  	7.693771 
2118.777006  	7.726707 
2092.516189  	7.901616 
2067.903286  	7.864750 
2044.997800  	7.764296 
2023.857703  	7.813589 
2004.538850  	7.679144 
1987.094361  	7.693603 
1971.573990  	7.654238 
1958.023493  	7.661698 
1946.484010  	7.635894 
1936.991482  	7.631157 
1929.576119  	7.662433 
1924.261936  	7.758004 
1921.066371  	7.758433 
1920.000000  	7.720103 
1921.066371  	7.715480 
1924.261936  	7.762075 
1929.576119  	7.754606 
1936.991482  	7.841261 
1946.484010  	7.808098 
1958.023493  	7.767199 
1971.573990  	7.754694 
1987.094361  	7.788558 
2004.538850  	7.871776 
2023.857703  	7.916976 
2044.997800  	7.870583 
2067.903286  	7.832137 
2092.516189  	7.829037 
2118.777006  	7.812944 
2146.625258  	7.795181 
2176.000000  	7.819347 
2206.840275  	7.798460 
2239.085528  	7.788679 
2272.675956  	7.784706 
2307.552816  	7.759454 
2343.658678  	7.699268 
2380.937630  	7.710996 
2419.335446  	7.727347 
2458.799707  	7.706321 
2499.279896  	7.716998 
2540.727455  	7.712517 
2583.095817  	7.736452 
2626.340420  	7.755822 
2670.418694  	7.790798 
2715.290040  	7.726238 
2760.915790  	7.738179 
2807.259162  	7.853176 
2854.285199  	7.844425 
2901.960716  	7.673928 
2535.886433  	7.682090 
2492.715788  	7.829122 
2450.456284  	7.852524 
2409.155869  	7.882769 
2368.864707  	8.076638 
2329.635165  	7.866002 
2291.521765  	7.649429 
2254.581114  	7.732229 
2218.871785  	7.682941 
2184.454165  	7.927027 
2151.390248  	7.863073 
2119.743381  	7.790218 
2089.577948  	7.666661 
2060.959000  	7.709527 
2033.951819  	7.811266 
2008.621418  	7.753364 
1985.031990  	7.793517 
1963.246291  	7.680342 
1943.324986  	7.604468 
1925.325946  	7.674330 
1909.303538  	7.699536 
1895.307891  	7.656031 
1883.384188  	7.639266 
1873.571990  	7.667457 
1865.904606  	7.658618 
1860.408557  	7.721423 
1857.103120  	7.732317 
1856.000000  	7.732684 
1857.103120  	7.733403 
1860.408557  	7.756947 
1865.904606  	7.786545 
1873.571990  	7.794981 
1883.384188  	7.828223 
1895.307891  	7.791787 
1909.303538  	7.782142 
1925.325946  	7.809116 
1943.324986  	7.847729 
1963.246291  	7.914752 
1985.031990  	7.872965 
2008.621418  	7.834137 
2033.951819  	7.866587 
2060.959000  	7.869516 
2089.577948  	7.848317 
2119.743381  	7.823686 
2151.390248  	7.841544 
2184.454165  	7.822408 
2218.871785  	7.763850 
2254.581114  	7.847012 
2291.521765  	7.713331 
2329.635165  	7.715520 
2368.864707  	7.785200 
2409.155869  	7.756842 
2450.456284  	7.729499 
2492.715788  	7.789055 
2535.886433  	7.747232 
2579.922479  	7.753684 
2624.780372  	7.923398 
2670.418694  	7.744180 
2716.798115  	7.717164 
2763.881329  	7.777112 
2811.632977  	7.794695 
2860.019580  	7.707401 
2489.427243  	7.781431 
2445.436566  	7.820308 
2402.345521  	7.852886 
2360.203381  	7.877923 
2319.061879  	8.078363 
2278.975208  	7.964791 
2240.000000  	7.806646 
2202.195268  	7.904350 
2165.622312  	7.793416 
2130.344573  	7.808885 
2096.427437  	7.764965 
2063.937984  	7.909199 
2032.944662  	7.939640 
2003.516908  	7.779953 
1975.724677  	7.675204 
1949.637915  	7.663948 
1925.325946  	7.695504 
1902.856800  	7.655511 
1882.296470  	7.720281 
1863.708132  	7.650946 
1847.151320  	7.641352 
1832.681096  	7.661488 
1820.347220  	7.701103 
1810.193360  	7.718516 
1802.256364  	7.720352 
1796.565612  	7.758549 
1793.142493  	7.770682 
1792.000000  	7.747995 
1793.142493  	7.742760 
1796.565612  	7.778773 
1802.256364  	7.821074 
1810.193360  	7.842489 
1820.347220  	7.847668 
1832.681096  	7.866308 
1847.151320  	7.869374 
1863.708132  	7.873307 
1882.296470  	7.933973 
1902.856800  	7.945547 
1925.325946  	7.922423 
1949.637915  	7.905261 
1975.724677  	7.913428 
2003.516908  	7.896155 
2032.944662  	7.865344 
2063.937984  	7.859121 
2096.427437  	7.875210 
2130.344573  	7.848107 
2165.622312  	7.829648 
2202.195268  	7.809043 
2240.000000  	7.769956 
2278.975208  	7.765452 
2319.061879  	7.787790 
2360.203381  	7.792334 
2402.345521  	7.777009 
2445.436566  	7.762989 
2489.427243  	7.734260 
2534.270704  	7.792981 
2579.922479  	7.920775 
2626.340420  	7.845758 
2673.484617  	7.854627 
2721.317328  	7.701687 
2769.802881  	7.825955 
2818.907590  	7.756086 
2443.761036  	7.793147 
2398.933096  	7.816575 
2354.991295  	7.845510 
2311.986159  	7.792796 
2269.970925  	7.955069 
2229.001570  	7.908408 
2189.136816  	7.795585 
2150.438095  	7.647434 
2112.969474  	7.762897 
2076.797535  	7.658979 
2041.991185  	7.817905 
2008.621418  	7.686684 
1976.760987  	7.960216 
1946.484010  	7.854400 
1917.865480  	7.606827 
1890.980698  	7.624701 
1865.904606  	7.755474 
1842.711046  	7.812117 
1821.471932  	7.708468 
1802.256364  	7.648726 
1785.129687  	7.739899 
1770.152536  	7.685391 
1757.379868  	7.716289 
1746.860040  	7.753080 
1738.633947  	7.776039 
1732.734255  	7.752173 
1729.184779  	7.763878 
1728.000000  	7.763895 
1729.184779  	7.755526 
1732.734255  	7.816919 
1738.633947  	7.793389 
1746.860040  	7.851191 
1757.379868  	7.819346 
1770.152536  	7.817601 
1785.129687  	7.849695 
1802.256364  	7.875531 
1821.471932  	7.934956 
1842.711046  	7.967521 
1865.904606  	7.993344 
1890.980698  	7.983261 
1917.865480  	7.965175 
1946.484010  	7.986263 
1976.760987  	7.966378 
2008.621418  	7.925513 
2041.991185  	7.944400 
2076.797535  	7.881703 
2112.969474  	7.867275 
2150.438095  	7.895229 
2189.136816  	7.937958 
2229.001570  	7.819930 
2269.970925  	7.798816 
2311.986159  	7.834717 
2354.991295  	7.868839 
2398.933096  	7.797546 
2443.761036  	7.826584 
2489.427243  	7.815928 
2535.886433  	7.814843 
2583.095817  	7.797610 
2631.015013  	7.805379 
2679.605941  	7.751579 
2728.832717  	7.826703 
2778.661548  	7.784057 
2398.933096  	7.836784 
2353.251368  	7.753482 
2308.440166  	7.705419 
2264.551170  	7.848256 
2221.639035  	7.942593 
2179.761455  	7.950830 
2138.979196  	7.916680 
2099.356092  	7.747172 
2060.959000  	7.740782 
2023.857703  	7.771852 
1988.124745  	7.744491 
1953.835203  	7.684255 
1921.066371  	7.881122 
1889.897352  	7.788945 
1860.408557  	7.842498 
1832.681096  	7.751903 
1806.796059  	7.763018 
1782.833699  	7.697160 
1760.872511  	7.647984 
1740.988225  	7.680572 
1723.252738  	7.696495 
1707.733000  	7.739687 
1694.489894  	7.739161 
1683.577144  	7.806694 
1675.040298  	7.796799 
1668.915816  	7.800729 
1665.230314  	7.819117 
1664.000000  	7.797875 
1665.230314  	7.769361 
1668.915816  	7.805143 
1675.040298  	7.842168 
1683.577144  	7.842479 
1694.489894  	7.814126 
1707.733000  	7.810561 
1723.252738  	7.891573 
1740.988225  	7.940409 
1760.872511  	7.987903 
1782.833699  	8.032557 
1806.796059  	8.085014 
1832.681096  	8.048687 
1860.408557  	8.032332 
1889.897352  	8.046865 
1921.066371  	8.025768 
1953.835203  	7.996973 
1988.124745  	8.004361 
2023.857703  	7.919766 
2060.959000  	7.912344 
2099.356092  	7.881439 
2138.979196  	7.847502 
2179.761455  	7.856663 
2221.639035  	7.814345 
2264.551170  	7.851464 
2308.440166  	7.912400 
2353.251368  	7.856653 
2398.933096  	7.821868 
2445.436566  	7.831516 
2492.715788  	7.865288 
2540.727455  	7.790198 
2589.430825  	7.725960 
2638.787600  	7.826582 
2688.761797  	7.818890 
2739.319624  	7.789846 
2354.991295  	7.835699 
2308.440166  	7.802910 
2262.741700  	7.821399 
2217.948602  	7.841165 
2174.116832  	7.856136 
2131.305703  	7.931636 
2089.577948  	7.868966 
2048.999756  	7.969371 
2009.640764  	7.834615 
1971.573990  	7.705952 
1934.875707  	7.829663 
1899.625226  	7.628531 
1865.904606  	7.807015 
1833.798244  	7.784685 
1803.392359  	7.908665 
1774.774352  	7.771588 
1748.032036  	7.677113 
1723.252738  	7.695562 
1700.522273  	7.759119 
1679.923808  	7.747115 
1661.536638  	7.795467 
1645.434897  	7.777477 
1631.686244  	7.766628 
1620.350579  	7.782682 
1611.478824  	7.795922 
1605.111834  	7.812944 
1601.279488  	7.820936 
1600.000000  	7.823450 
1601.279488  	7.800870 
1605.111834  	7.821054 
1611.478824  	7.832955 
1620.350579  	7.801105 
1631.686244  	7.808634 
1645.434897  	7.859558 
1661.536638  	7.929764 
1679.923808  	8.025246 
1700.522273  	8.044157 
1723.252738  	8.152181 
1748.032036  	8.163051 
1774.774352  	8.137395 
1803.392359  	8.153693 
1833.798244  	8.149771 
1865.904606  	8.102103 
1899.625226  	8.054929 
1934.875707  	8.021667 
1971.573990  	7.993264 
2009.640764  	7.915168 
2048.999756  	7.946774 
2089.577948  	7.895573 
2131.305703  	7.859417 
2174.116832  	7.861329 
2217.948602  	7.858318 
2262.741700  	7.860733 
2308.440166  	7.885645 
2354.991295  	7.851933 
2402.345521  	7.885874 
2450.456284  	7.844387 
2499.279896  	7.851683 
2548.775392  	7.835884 
2598.904385  	7.835157 
2649.630918  	7.754593 
2700.921324  	7.749320 
2311.986159  	7.696817 
2264.551170  	7.726937 
2217.948602  	7.804032 
2172.232032  	7.824291 
2127.458578  	7.825169 
2083.689036  	7.794662 
2040.987996  	7.899863 
1999.423917  	7.806441 
1959.069167  	7.778035 
1920.000000  	7.799938 
1882.296470  	7.832321 
1846.042253  	7.700733 
1811.324377  	7.888934 
1778.232831  	7.835957 
1746.860040  	7.701202 
1717.300207  	7.698536 
1689.648484  	7.708867 
1664.000000  	7.697616 
1640.448719  	7.721235 
1619.086162  	7.713252 
1600.000000  	7.727953 
1583.272560  	7.718539 
1568.979286  	7.778944 
1557.187208  	7.814236 
1547.953488  	7.826317 
1541.324106  	7.836450 
1537.332755  	7.850816 
1536.000000  	7.851916 
1537.332755  	7.809500 
1541.324106  	7.829842 
1547.953488  	7.835809 
1557.187208  	7.793104 
1568.979286  	7.809113 
1583.272560  	7.905008 
1600.000000  	8.005038 
1619.086162  	8.035126 
1640.448719  	8.201675 
1664.000000  	8.222893 
1689.648484  	8.276804 
1717.300207  	8.279569 
1746.860040  	8.263090 
1778.232831  	8.177894 
1811.324377  	8.137203 
1846.042253  	8.100593 
1882.296470  	8.030525 
1920.000000  	7.970997 
1959.069167  	7.949689 
1999.423917  	7.976343 
2040.987996  	7.902357 
2083.689036  	7.921625 
2127.458578  	7.918488 
2172.232032  	7.935092 
2217.948602  	7.891395 
2264.551170  	7.845818 
2311.986159  	7.879370 
2360.203381  	7.805603 
2409.155869  	7.859807 
2458.799707  	7.923431 
2509.093860  	7.776174 
2560.000000  	7.838876 
2611.482338  	7.781718 
2663.507462  	7.837327 
2269.970925  	7.647689 
2221.639035  	7.752253 
2174.116832  	7.798878 
2127.458578  	7.701993 
2081.722364  	7.644901 
2036.970299  	7.802118 
1993.268672  	7.837725 
1950.688084  	7.877447 
1909.303538  	7.771255 
1869.194479  	7.782152 
1830.444755  	7.733501 
1793.142493  	7.606736 
1757.379868  	7.580626 
1723.252738  	7.752558 
1690.860136  	7.721536 
1660.303587  	7.758937 
1631.686244  	7.665521 
1605.111834  	7.785839 
1580.683397  	7.673930 
1558.501845  	7.664719 
1538.664356  	7.710925 
1521.262633  	7.745716 
1506.381094  	7.782422 
1494.095044  	7.827080 
1484.468929  	7.846809 
1477.554737  	7.860316 
1473.390647  	7.866710 
1472.000000  	7.863315 
1473.390647  	7.847186 
1477.554737  	7.821046 
1484.468929  	7.774155 
1494.095044  	7.779195 
1506.381094  	7.827830 
1521.262633  	7.881012 
1538.664356  	7.990281 
1558.501845  	8.061059 
1580.683397  	8.125923 
1605.111834  	8.236586 
1631.686244  	8.284017 
1660.303587  	8.314044 
1690.860136  	8.383241 
1723.252738  	8.184654 
1757.379868  	8.162026 
1793.142493  	8.147931 
1830.444755  	8.072380 
1869.194479  	8.003127 
1909.303538  	7.981957 
1950.688084  	7.965157 
1993.268672  	7.955240 
2036.970299  	7.904645 
2081.722364  	7.915207 
2127.458578  	7.926642 
2174.116832  	7.879313 
2221.639035  	7.872288 
2269.970925  	7.880349 
2319.061879  	7.810259 
2368.864707  	7.812847 
2419.335446  	7.834651 
2470.433160  	7.784014 
2522.119743  	7.828096 
2574.359726  	7.832042 
2627.120096  	7.841550 
2229.001570  	7.644845 
2179.761455  	7.708903 
2131.305703  	7.832535 
2083.689036  	7.753288 
2036.970299  	7.705148 
1991.212696  	7.836516 
1946.484010  	7.796639 
1902.856800  	7.795026 
1860.408557  	7.648854 
1819.221812  	7.869929 
1779.384163  	7.893486 
1740.988225  	7.727036 
1704.131450  	7.850047 
1668.915816  	7.707025 
1635.447339  	7.730583 
1603.835403  	7.690725 
1574.191856  	7.697183 
1546.629885  	7.738394 
1521.262633  	7.655404 
1498.201589  	7.589058 
1477.554737  	7.672128 
1459.424544  	7.740445 
1443.905814  	7.806673 
1431.083506  	7.833505 
1421.030612  	7.849176 
1413.806210  	7.870905 
1409.453795  	7.886355 
1408.000000  	7.856295 
1409.453795  	7.824192 
1413.806210  	7.801444 
1421.030612  	7.792063 
1431.083506  	7.797256 
1443.905814  	7.823983 
1459.424544  	7.899658 
1477.554737  	7.972823 
1498.201589  	8.042081 
1521.262633  	8.112210 
1546.629885  	8.193279 
1574.191856  	8.287630 
1603.835403  	8.277003 
1635.447339  	8.261146 
1668.915816  	8.185699 
1704.131450  	8.138954 
1740.988225  	8.091711 
1779.384163  	8.060738 
1819.221812  	7.996210 
1860.408557  	7.972298 
1902.856800  	7.962053 
1946.484010  	7.978854 
1991.212696  	7.937045 
2036.970299  	7.875857 
2083.689036  	7.892989 
2131.305703  	7.906203 
2179.761455  	7.893269 
2229.001570  	7.846497 
2278.975208  	7.857058 
2329.635165  	7.810905 
2380.937630  	7.835036 
2432.841960  	7.807448 
2485.310443  	7.837776 
2538.308098  	7.885777 
2591.802462  	7.858086 
2189.136816  	7.696793 
2138.979196  	7.766049 
2089.577948  	7.774558 
2040.987996  	7.775357 
1993.268672  	7.684520 
1946.484010  	7.721426 
1900.703028  	7.728070 
1856.000000  	7.783791 
1812.454689  	7.706883 
1770.152536  	7.656624 
1729.184779  	7.675511 
1689.648484  	7.705173 
1651.646451  	7.764274 
1615.286971  	7.734132 
1580.683397  	7.796729 
1547.953488  	7.825941 
1517.218508  	7.666274 
1488.602029  	7.653233 
1462.228436  	7.619757 
1438.221123  	7.704641 
1416.700392  	7.740708 
1397.781099  	7.684618 
1381.570121  	7.757543 
1368.163733  	7.804490 
1357.645020  	7.823331 
1350.081479  	7.863372 
1345.522947  	7.884967 
1344.000000  	7.850351 
1345.522947  	7.826215 
1350.081479  	7.819388 
1357.645020  	7.783025 
1368.163733  	7.782337 
1381.570121  	7.794520 
1397.781099  	7.871005 
1416.700392  	7.935193 
1438.221123  	8.008274 
1462.228436  	8.089985 
1488.602029  	8.152331 
1517.218508  	8.223503 
1547.953488  	8.225300 
1580.683397  	8.239116 
1615.286971  	8.172932 
1651.646451  	8.144272 
1689.648484  	8.083920 
1729.184779  	8.066395 
1770.152536  	8.047665 
1812.454689  	8.037095 
1856.000000  	7.981615 
1900.703028  	7.988808 
1946.484010  	7.933427 
1993.268672  	7.881687 
2040.987996  	7.930993 
2089.577948  	7.936007 
2138.979196  	7.878781 
2189.136816  	7.853877 
2240.000000  	7.892414 
2291.521765  	7.855000 
2343.658678  	7.856390 
2396.370589  	7.826218 
2449.620379  	7.893773 
2503.373724  	7.852383 
2557.598874  	7.855862 
2150.438095  	7.682380 
2099.356092  	7.782401 
2048.999756  	7.740473 
1999.423917  	7.799513 
1950.688084  	7.716845 
1902.856800  	7.811971 
1856.000000  	7.837702 
1810.193360  	7.744499 
1765.518621  	7.692297 
1722.063878  	7.786885 
1679.923808  	7.697269 
1639.199805  	7.786679 
1600.000000  	7.831353 
1562.439119  	7.813706 
1526.638137  	7.665902 
1492.723685  	7.772991 
1460.827163  	7.711774 
1431.083506  	7.646642 
1403.629581  	7.619710 
1378.602191  	7.664560 
1356.135686  	7.659624 
1336.359233  	7.677343 
1319.393800  	7.724554 
1305.348995  	7.784930 
1294.319899  	7.809224 
1286.384080  	7.841850 
1281.599001  	7.851517 
1280.000000  	7.824671 
1281.599001  	7.800251 
1286.384080  	7.806328 
1294.319899  	7.782696 
1305.348995  	7.770359 
1319.393800  	7.779662 
1336.359233  	7.823283 
1356.135686  	7.884594 
1378.602191  	7.956075 
1403.629581  	8.023665 
1431.083506  	8.097253 
1460.827163  	8.167038 
1492.723685  	8.148742 
1526.638137  	8.180921 
1562.439119  	8.143442 
1600.000000  	8.089338 
1639.199805  	8.099756 
1679.923808  	8.076503 
1722.063878  	8.094850 
1765.518621  	8.083063 
1810.193360  	8.024871 
1856.000000  	8.004023 
1902.856800  	7.972597 
1950.688084  	7.936082 
1999.423917  	7.937887 
2048.999756  	7.940585 
2099.356092  	7.919162 
2150.438095  	7.988095 
2202.195268  	7.974470 
2254.581114  	7.854159 
2307.552816  	7.805240 
2361.070943  	7.898052 
2415.099170  	7.880670 
2469.604017  	7.871194 
2524.554614  	7.886190 
2112.969474  	7.740124 
2060.959000  	7.762177 
2009.640764  	7.814725 
1959.069167  	7.796716 
1909.303538  	7.796232 
1860.408557  	7.774111 
1812.454689  	7.773910 
1765.518621  	7.774845 
1719.683692  	7.756274 
1675.040298  	7.894473 
1631.686244  	7.805457 
1589.727021  	7.789016 
1549.275960  	7.774051 
1510.454236  	7.881085 
1473.390647  	7.691772 
1438.221123  	7.685362 
1405.087898  	7.703575 
1374.138275  	7.639294 
1345.522947  	7.621267 
1319.393800  	7.656647 
1295.901231  	7.620199 
1275.190966  	7.696465 
1257.400493  	7.729999 
1242.655222  	7.769583 
1231.064580  	7.789549 
1222.718283  	7.806776 
1217.683046  	7.808521 
1216.000000  	7.789037 
1217.683046  	7.788177 
1222.718283  	7.784955 
1231.064580  	7.757718 
1242.655222  	7.753062 
1257.400493  	7.732152 
1275.190966  	7.740678 
1295.901231  	7.790908 
1319.393800  	7.862683 
1345.522947  	7.930092 
1374.138275  	7.992429 
1405.087898  	8.121668 
1438.221123  	8.091711 
1473.390647  	8.095619 
1510.454236  	8.079373 
1549.275960  	8.049596 
1589.727021  	8.103530 
1631.686244  	8.138475 
1675.040298  	8.147443 
1719.683692  	8.135745 
1765.518621  	8.044227 
1812.454689  	8.013159 
1860.408557  	7.960767 
1909.303538  	7.952090 
1959.069167  	7.942200 
2009.640764  	7.895915 
2060.959000  	7.869922 
2112.969474  	7.882847 
2165.622312  	7.927775 
2218.871785  	7.856120 
2272.675956  	7.876949 
2326.996347  	7.798118 
2381.797640  	7.863866 
2437.047394  	7.856233 
2492.715788  	7.896455 
2076.797535  	7.795819 
2023.857703  	7.769144 
1971.573990  	7.736019 
1920.000000  	7.797270 
1869.194479  	7.805251 
1819.221812  	7.777596 
1770.152536  	7.721305 
1722.063878  	7.772463 
1675.040298  	7.828989 
1629.174024  	7.899848 
1584.565556  	7.774681 
1541.324106  	7.900540 
1499.567938  	7.734914 
1459.424544  	7.721749 
1421.030612  	7.691099 
1384.531690  	7.683488 
1350.081479  	7.586516 
1317.840658  	7.553907 
1287.975155  	7.642148 
1260.653799  	7.605848 
1236.045307  	7.650117 
1214.314622  	7.662530 
1195.618668  	7.692397 
1180.101691  	7.728922 
1167.890406  	7.750128 
1159.089298  	7.753229 
1153.776408  	7.766949 
1152.000000  	7.752916 
1153.776408  	7.743993 
1159.089298  	7.741989 
1167.890406  	7.717817 
1180.101691  	7.698272 
1195.618668  	7.669947 
1214.314622  	7.679604 
1236.045307  	7.682100 
1260.653799  	7.667902 
1287.975155  	7.736246 
1317.840658  	7.813255 
1350.081479  	7.962356 
1384.531690  	7.926508 
1421.030612  	7.965417 
1459.424544  	8.034039 
1499.567938  	8.143354 
1541.324106  	8.214911 
1584.565556  	8.227397 
1629.174024  	8.180830 
1675.040298  	8.153573 
1722.063878  	8.087966 
1770.152536  	8.069722 
1819.221812  	7.997588 
1869.194479  	7.999055 
1920.000000  	7.938211 
1971.573990  	7.909230 
2023.857703  	7.892276 
2076.797535  	7.912216 
2130.344573  	7.875030 
2184.454165  	7.866048 
2239.085528  	7.839627 
2294.201386  	7.867264 
2349.767648  	7.868687 
2405.753105  	7.812292 
2462.129160  	7.813799 
2041.991185  	7.944168 
1988.124745  	7.765297 
1934.875707  	7.694474 
1882.296470  	7.784978 
1830.444755  	7.777204 
1779.384163  	7.717881 
1729.184779  	7.946047 
1679.923808  	7.771409 
1631.686244  	7.856709 
1584.565556  	7.803996 
1538.664356  	7.793237 
1494.095044  	7.764467 
1450.980358  	7.729980 
1409.453795  	7.704425 
1369.659812  	7.676163 
1331.753731  	7.701918 
1295.901231  	7.595432 
1262.277307  	7.624946 
1231.064580  	7.631814 
1202.450831  	7.593017 
1176.625684  	7.650131 
1153.776408  	7.653728 
1134.082889  	7.701839 
1117.711949  	7.688451 
1104.811296  	7.736989 
1095.503537  	7.718079 
1089.880727  	7.722846 
1088.000000  	7.727328 
1089.880727  	7.719757 
1095.503537  	7.712885 
1104.811296  	7.686436 
1117.711949  	7.660062 
1134.082889  	7.660300 
1153.776408  	7.639758 
1176.625684  	7.519464 
1202.450831  	7.555768 
1231.064580  	7.605391 
1262.277307  	7.585283 
1295.901231  	7.923752 
1331.753731  	7.735102 
1369.659812  	7.856695 
1409.453795  	8.015565 
1450.980358  	8.058141 
1494.095044  	8.138747 
1538.664356  	8.149515 
1584.565556  	8.134874 
1631.686244  	8.127773 
1679.923808  	8.049773 
1729.184779  	8.033757 
1779.384163  	8.004216 
1830.444755  	7.953558 
1882.296470  	7.943966 
1934.875707  	7.862630 
1988.124745  	7.879866 
2041.991185  	7.875090 
2096.427437  	7.886984 
2151.390248  	7.858326 
2206.840275  	7.895386 
2262.741700  	7.793587 
2319.061879  	7.906280 
2375.771033  	7.929207 
2432.841960  	7.857720 
2008.621418  	7.746993 
1953.835203  	7.713436 
1899.625226  	7.706978 
1846.042253  	7.711054 
1793.142493  	7.823471 
1740.988225  	7.787890 
1689.648484  	7.816353 
1639.199805  	7.810788 
1589.727021  	7.716267 
1541.324106  	7.782695 
1494.095044  	7.799927 
1448.154688  	7.756207 
1403.629581  	7.852265 
1360.658664  	7.740202 
1319.393800  	7.679618 
1280.000000  	7.706385 
1242.655222  	7.600290 
1207.549585  	7.651581 
1174.883824  	7.601526 
1144.866804  	7.600651 
1117.711949  	7.619214 
1093.632479  	7.628985 
1072.835495  	7.672255 
1055.515040  	7.698644 
1041.844518  	7.734703 
1031.968992  	7.757471 
1025.998051  	7.738425 
1024.000000  	7.729305 
1025.998051  	7.728476 
1031.968992  	7.709037 
1041.844518  	7.661754 
1055.515040  	7.671845 
1072.835495  	7.670723 
1093.632479  	7.566038 
1117.711949  	7.573738 
1144.866804  	7.497582 
1174.883824  	7.532038 
1207.549585  	7.452934 
1242.655222  	7.928346 
1280.000000  	7.675128 
1319.393800  	7.820347 
1360.658664  	7.952831 
1403.629581  	8.052649 
1448.154688  	8.138527 
1494.095044  	8.162933 
1541.324106  	8.143317 
1589.727021  	8.133639 
1639.199805  	8.057863 
1689.648484  	8.043206 
1740.988225  	8.013782 
1793.142493  	7.981909 
1846.042253  	7.947387 
1899.625226  	7.884553 
1953.835203  	7.872919 
2008.621418  	7.893914 
2063.937984  	7.868810 
2119.743381  	7.839460 
2176.000000  	7.789107 
2232.673733  	7.868181 
2289.733609  	7.833176 
2347.151465  	8.069498 
2404.901661  	7.817957 
1976.760987  	7.937209 
1921.066371  	7.677474 
1865.904606  	7.820098 
1811.324377  	7.728230 
1757.379868  	7.739086 
1704.131450  	7.771549 
1651.646451  	7.760650 
1600.000000  	7.747649 
1549.275960  	7.782726 
1499.567938  	7.709090 
1450.980358  	7.711794 
1403.629581  	7.706250 
1357.645020  	7.594669 
1313.170210  	7.677124 
1270.363727  	7.677816 
1229.399854  	7.678224 
1190.468815  	7.642459 
1153.776408  	7.632437 
1119.542764  	7.589422 
1088.000000  	7.575749 
1059.388503  	7.615373 
1033.951643  	7.575332 
1011.928851  	7.618337 
993.547181  	7.620430 
979.011747  	7.697672 
968.495741  	7.701202 
962.130968  	7.733736 
960.000000  	7.720844 
962.130968  	7.707967 
968.495741  	7.679639 
979.011747  	7.638840 
993.547181  	7.628071 
1011.928851  	7.575331 
1033.951643  	7.520824 
1059.388503  	7.649064 
1088.000000  	7.763521 
1119.542764  	7.925330 
1153.776408  	7.238219 
1190.468815  	7.910883 
1229.399854  	7.680163 
1270.363727  	7.573241 
1313.170210  	7.903793 
1357.645020  	8.026483 
1403.629581  	8.109612 
1450.980358  	8.166186 
1499.567938  	8.145709 
1549.275960  	8.131284 
1600.000000  	8.097177 
1651.646451  	8.077082 
1704.131450  	8.034892 
1757.379868  	7.983459 
1811.324377  	7.965403 
1865.904606  	7.893430 
1921.066371  	7.886616 
1976.760987  	7.876415 
2032.944662  	7.838599 
2089.577948  	7.796689 
2146.625258  	7.807926 
2204.054446  	7.879606 
2261.836422  	7.808431 
2319.944827  	7.886049 
2378.355735  	7.709040 
1946.484010  	7.743058 
1889.897352  	7.726026 
1833.798244  	7.770287 
1778.232831  	7.756467 
1723.252738  	7.744980 
1668.915816  	7.777517 
1615.286971  	7.747590 
1562.439119  	7.663182 
1510.454236  	7.640557 
1459.424544  	7.628439 
1409.453795  	7.657818 
1360.658664  	7.573552 
1313.170210  	7.499415 
1267.135352  	7.635171 
1222.718283  	7.712020 
1180.101691  	7.639278 
1139.487604  	7.589504 
1101.097634  	7.558255 
1065.172287  	7.534173 
1031.968992  	7.557751 
1001.758454  	7.544990 
974.818958  	7.539871 
951.428400  	7.585537 
931.854066  	7.617478 
916.340548  	7.629356 
905.096680  	7.700910 
898.282806  	7.717693 
896.000000  	7.707753 
898.282806  	7.681048 
905.096680  	7.652185 
916.340548  	7.625114 
931.854066  	7.591942 
951.428400  	7.641049 
974.818958  	7.488329 
1001.758454  	7.467224 
1031.968992  	7.422588 
1065.172287  	7.832499 
1101.097634  	7.994100 
1139.487604  	7.937645 
1180.101691  	8.072612 
1222.718283  	7.785708 
1267.135352  	7.931499 
1313.170210  	8.033777 
1360.658664  	8.111444 
1409.453795  	8.153888 
1459.424544  	8.151602 
1510.454236  	8.123270 
1562.439119  	8.095390 
1615.286971  	8.035234 
1668.915816  	8.027852 
1723.252738  	7.967446 
1778.232831  	7.926808 
1833.798244  	7.897750 
1889.897352  	7.885056 
1946.484010  	7.857470 
2003.516908  	7.884242 
2060.959000  	7.875946 
2118.777006  	7.932922 
2176.940973  	7.830739 
2235.423897  	7.843480 
2294.201386  	7.752439 
2353.251368  	7.713582 
1917.865480  	7.771953 
1860.408557  	7.749942 
1803.392359  	7.740943 
1746.860040  	7.616384 
1690.860136  	7.683513 
1635.447339  	7.719692 
1580.683397  	7.712012 
1526.638137  	7.792283 
1473.390647  	7.684916 
1421.030612  	7.564020 
1369.659812  	7.584284 
1319.393800  	7.622932 
1270.363727  	7.512205 
1222.718283  	7.685199 
1176.625684  	7.614423 
1132.275585  	7.621697 
1089.880727  	7.569050 
1049.678046  	7.600435 
1011.928851  	7.562225 
976.917601  	7.565207 
944.948676  	7.524313 
916.340548  	7.545672 
891.416850  	7.608750 
870.494113  	7.608448 
853.866500  	7.623501 
841.788572  	7.675016 
834.457908  	7.685452 
832.000000  	7.712567 
834.457908  	7.697182 
841.788572  	7.686693 
853.866500  	7.680017 
870.494113  	7.649344 
891.416850  	7.618113 
916.340548  	7.475894 
944.948676  	7.720399 
976.917601  	7.475155 
1011.928851  	7.549989 
1049.678046  	7.925040 
1089.880727  	7.956546 
1132.275585  	7.790127 
1176.625684  	7.696473 
1222.718283  	7.919179 
1270.363727  	8.061632 
1319.393800  	8.128885 
1369.659812  	8.134690 
1421.030612  	8.135075 
1473.390647  	8.119798 
1526.638137  	8.064828 
1580.683397  	8.021723 
1635.447339  	7.961618 
1690.860136  	7.946776 
1746.860040  	7.892700 
1803.392359  	7.857730 
1860.408557  	7.834580 
1917.865480  	7.816457 
1975.724677  	7.840388 
2033.951819  	7.799164 
2092.516189  	7.831250 
2151.390248  	7.789369 
2210.549253  	7.850065 
2269.970925  	7.771440 
2329.635165  	7.695430 
1890.980698  	7.737069 
1832.681096  	7.782000 
1774.774352  	7.943753 
1717.300207  	7.896233 
1660.303587  	7.842395 
1603.835403  	7.869619 
1547.953488  	7.694826 
1492.723685  	7.728403 
1438.221123  	7.635065 
1384.531690  	7.571591 
1331.753731  	7.574662 
1280.000000  	7.628168 
1229.399854  	7.589233 
1180.101691  	7.609944 
1132.275585  	7.689751 
1086.116016  	7.674919 
1041.844518  	7.520072 
999.711959  	7.507155 
960.000000  	7.574669 
923.021127  	7.550688 
889.116415  	7.565234 
858.650103  	7.534067 
832.000000  	7.582466 
809.543081  	7.582966 
791.636280  	7.597114 
778.593604  	7.622072 
770.662053  	7.664235 
768.000000  	7.711657 
770.662053  	7.737360 
778.593604  	7.748297 
791.636280  	7.729057 
809.543081  	7.659657 
832.000000  	7.654874 
858.650103  	7.472795 
889.116415  	7.501602 
923.021127  	7.531877 
960.000000  	7.498025 
999.711959  	7.708668 
1041.844518  	7.546606 
1086.116016  	7.666170 
1132.275585  	7.760312 
1180.101691  	7.951247 
1229.399854  	8.056047 
1280.000000  	8.126717 
1331.753731  	8.146856 
1384.531690  	8.120279 
1438.221123  	8.108143 
1492.723685  	8.054819 
1547.953488  	8.028962 
1603.835403  	7.944029 
1660.303587  	7.924937 
1717.300207  	7.853824 
1774.774352  	7.840348 
1832.681096  	7.859977 
1890.980698  	7.814299 
1949.637915  	7.791525 
2008.621418  	7.787199 
2067.903286  	7.842944 
2127.458578  	7.822146 
2187.264959  	7.826465 
2247.302383  	7.745886 
2307.552816  	7.734119 
1865.904606  	7.704666 
1806.796059  	7.767774 
1748.032036  	7.725250 
1689.648484  	7.697058 
1631.686244  	7.888595 
1574.191856  	7.876772 
1517.218508  	7.889563 
1460.827163  	7.924325 
1405.087898  	7.700766 
1350.081479  	7.673541 
1295.901231  	7.562322 
1242.655222  	7.529594 
1190.468815  	7.564438 
1139.487604  	7.494105 
1089.880727  	7.639362 
1041.844518  	7.669837 
995.606348  	7.572129 
951.428400  	7.505258 
909.610906  	7.503511 
870.494113  	7.502658 
834.457908  	7.508878 
801.917702  	7.556950 
773.314942  	7.554960 
749.100794  	7.576236 
729.712272  	7.604240 
715.541753  	7.657069 
706.903105  	7.718323 
704.000000  	7.755300 
706.903105  	7.791994 
715.541753  	7.796786 
729.712272  	7.801207 
749.100794  	7.791971 
773.314942  	7.770274 
801.917702  	7.706111 
834.457908  	7.663009 
870.494113  	7.707765 
909.610906  	7.084228 
951.428400  	7.824645 
995.606348  	7.610330 
1041.844518  	7.736604 
1089.880727  	7.849448 
1139.487604  	8.021664 
1190.468815  	8.074610 
1242.655222  	8.098841 
1295.901231  	8.091619 
1350.081479  	8.110573 
1405.087898  	8.087858 
1460.827163  	8.009436 
1517.218508  	7.985945 
1574.191856  	7.925053 
1631.686244  	7.888819 
1689.648484  	7.840897 
1748.032036  	7.852300 
1806.796059  	7.843278 
1865.904606  	7.864473 
1925.325946  	7.870659 
1985.031990  	7.851495 
2044.997800  	7.831126 
2105.201178  	7.759683 
2165.622312  	7.753304 
2226.243473  	7.735966 
2287.048753  	7.856998 
1842.711046  	7.743094 
1782.833699  	7.793562 
1723.252738  	7.978729 
1664.000000  	7.900868 
1605.111834  	7.964776 
1546.629885  	7.919970 
1488.602029  	7.860257 
1431.083506  	7.982594 
1374.138275  	7.877150 
1317.840658  	7.660642 
1262.277307  	7.622459 
1207.549585  	7.721432 
1153.776408  	7.745312 
1101.097634  	7.678575 
1049.678046  	7.679250 
999.711959  	7.667350 
951.428400  	7.659066 
905.096680  	7.607360 
861.031939  	7.574795 
819.599902  	7.585372 
781.219559  	7.504316 
746.361843  	7.555387 
715.541753  	7.566908 
689.301095  	7.595035 
668.179617  	7.628856 
652.674498  	7.663291 
643.192040  	7.726731 
640.000000  	7.763731 
643.192040  	7.804100 
652.674498  	7.846576 
668.179617  	7.865602 
689.301095  	7.857359 
715.541753  	7.809834 
746.361843  	7.650805 
781.219559  	7.709953 
819.599902  	7.721565 
861.031939  	7.636431 
905.096680  	7.625015 
951.428400  	7.813255 
999.711959  	7.884585 
1049.678046  	8.011692 
1101.097634  	8.074848 
1153.776408  	8.109779 
1207.549585  	8.124396 
1262.277307  	8.075512 
1317.840658  	8.076296 
1374.138275  	8.041153 
1431.083506  	8.010774 
1488.602029  	7.934612 
1546.629885  	7.908763 
1605.111834  	7.879528 
1664.000000  	7.857610 
1723.252738  	7.887774 
1782.833699  	7.863679 
1842.711046  	7.831818 
1902.856800  	7.834082 
1963.246291  	7.791890 
2023.857703  	7.767029 
2084.671677  	7.743363 
2145.670991  	7.750520 
2206.840275  	7.714858 
2268.165779  	7.724618 
1821.471932  	7.714311 
1760.872511  	7.736559 
1700.522273  	7.770077 
1640.448719  	7.700150 
1580.683397  	7.856136 
1521.262633  	7.851922 
1462.228436  	7.892504 
1403.629581  	7.884216 
1345.522947  	7.605524 
1287.975155  	7.717786 
1231.064580  	7.684344 
1174.883824  	7.689481 
1119.542764  	7.580853 
1065.172287  	7.713321 
1011.928851  	7.642011 
960.000000  	7.701216 
909.610906  	7.652119 
861.031939  	7.654964 
814.587012  	7.591170 
770.662053  	7.622563 
729.712272  	7.541324 
692.265845  	7.569227 
658.920329  	7.560650 
630.326899  	7.582653 
607.157311  	7.667478 
590.050845  	7.691505 
579.544649  	7.732891 
576.000000  	7.776520 
579.544649  	7.837896 
590.050845  	7.890556 
607.157311  	7.907557 
630.326899  	7.922914 
658.920329  	7.864671 
692.265845  	7.798602 
729.712272  	7.692630 
770.662053  	7.619089 
814.587012  	7.710563 
861.031939  	7.734332 
909.610906  	7.846371 
960.000000  	7.980560 
1011.928851  	8.074891 
1065.172287  	8.144751 
1119.542764  	8.133575 
1174.883824  	8.128882 
1231.064580  	8.066914 
1287.975155  	8.020684 
1345.522947  	8.013623 
1403.629581  	7.975086 
1462.228436  	7.918593 
1521.262633  	7.882601 
1580.683397  	7.891343 
1640.448719  	7.878795 
1700.522273  	7.858654 
1760.872511  	7.840284 
1821.471932  	7.798365 
1882.296470  	7.814981 
1943.324986  	7.857859 
2004.538850  	7.768698 
2065.921586  	7.794392 
2127.458578  	7.744160 
2189.136816  	7.748449 
2250.944691  	7.719355 
1802.256364  	7.750211 
1740.988225  	7.747882 
1679.923808  	7.843691 
1619.086162  	7.709216 
1558.501845  	7.862749 
1498.201589  	7.889725 
1438.221123  	7.891904 
1378.602191  	7.864514 
1319.393800  	7.719893 
1260.653799  	7.717660 
1202.450831  	7.757121 
1144.866804  	7.767088 
1088.000000  	7.641089 
1031.968992  	7.716274 
976.917601  	7.645610 
923.021127  	7.731804 
870.494113  	7.637361 
819.599902  	7.665767 
770.662053  	7.643156 
724.077344  	7.642854 
680.329332  	7.544915 
640.000000  	7.620590 
603.774792  	7.556516 
572.433402  	7.590899 
546.816240  	7.668525 
527.757520  	7.678398 
515.984496  	7.746749 
512.000000  	7.796509 
515.984496  	7.863954 
527.757520  	7.912021 
546.816240  	7.962471 
572.433402  	7.948982 
603.774792  	7.905890 
640.000000  	7.846335 
680.329332  	7.831078 
724.077344  	7.821963 
770.662053  	7.782431 
819.599902  	7.877396 
870.494113  	7.971902 
923.021127  	8.040009 
976.917601  	8.082394 
1031.968992  	8.141842 
1088.000000  	8.149362 
1144.866804  	8.091446 
1202.450831  	8.088793 
1260.653799  	8.028140 
1319.393800  	7.986780 
1378.602191  	7.967045 
1438.221123  	7.916130 
1498.201589  	7.891003 
1558.501845  	7.884664 
1619.086162  	7.880816 
1679.923808  	7.851363 
1740.988225  	7.865075 
1802.256364  	7.818052 
1863.708132  	7.776591 
1925.325946  	7.828019 
1987.094361  	7.751288 
2048.999756  	7.759616 
2111.030080  	7.771084 
2173.174636  	7.676353 
2235.423897  	7.652266 
1785.129687  	7.713009 
1723.252738  	7.773234 
1661.536638  	7.760448 
1600.000000  	7.725373 
1538.664356  	7.764130 
1477.554737  	7.750723 
1416.700392  	7.727135 
1356.135686  	7.694216 
1295.901231  	7.658532 
1236.045307  	7.677281 
1176.625684  	7.715517 
1117.711949  	7.671147 
1059.388503  	7.630874 
1001.758454  	7.728027 
944.948676  	7.742965 
889.116415  	7.738572 
834.457908  	7.665900 
781.219559  	7.740827 
729.712272  	7.659764 
680.329332  	7.694119 
633.567676  	7.617449 
590.050845  	7.608185 
550.548817  	7.607738 
515.984496  	7.632349 
487.409479  	7.660349 
465.927033  	7.674673 
452.548340  	7.720873 
448.000000  	7.782630 
452.548340  	7.859739 
465.927033  	7.896209 
487.409479  	7.924460 
515.984496  	7.927756 
550.548817  	7.885238 
590.050845  	7.865064 
633.567676  	7.857642 
680.329332  	7.845952 
729.712272  	7.835407 
781.219559  	7.979383 
834.457908  	8.052938 
889.116415  	8.096029 
944.948676  	8.124679 
1001.758454  	8.166843 
1059.388503  	8.149860 
1117.711949  	8.098004 
1176.625684  	8.063272 
1236.045307  	8.030816 
1295.901231  	8.052941 
1356.135686  	7.959303 
1416.700392  	7.929892 
1477.554737  	7.919058 
1538.664356  	7.889683 
1600.000000  	7.885267 
1661.536638  	7.879564 
1723.252738  	7.864413 
1785.129687  	7.849746 
1847.151320  	7.819505 
1909.303538  	7.750964 
1971.573990  	7.793542 
2033.951819  	7.759227 
2096.427437  	7.735050 
2158.992358  	7.720818 
2221.639035  	7.615501 
1770.152536  	7.663175 
1707.733000  	7.789632 
1645.434897  	7.754649 
1583.272560  	7.745969 
1521.262633  	7.745076 
1459.424544  	7.728124 
1397.781099  	7.719604 
1336.359233  	7.734380 
1275.190966  	7.732415 
1214.314622  	7.735816 
1153.776408  	7.702552 
1093.632479  	7.655503 
1033.951643  	7.693778 
974.818958  	7.769518 
916.340548  	7.734868 
858.650103  	7.760957 
801.917702  	7.749670 
746.361843  	7.728958 
692.265845  	7.682780 
640.000000  	7.657364 
590.050845  	7.690748 
543.058008  	7.672387 
499.855979  	7.643418 
461.510563  	7.644665 
429.325052  	7.620030 
404.771541  	7.664803 
389.296802  	7.723838 
384.000000  	7.765531 
389.296802  	7.805585 
404.771541  	7.864466 
429.325052  	7.902275 
461.510563  	7.910575 
499.855979  	7.893388 
543.058008  	7.886489 
590.050845  	7.887546 
640.000000  	7.883374 
692.265845  	7.913767 
746.361843  	8.019824 
801.917702  	8.092491 
858.650103  	8.105405 
916.340548  	8.116313 
974.818958  	8.116999 
1033.951643  	8.108774 
1093.632479  	8.110044 
1153.776408  	8.098861 
1214.314622  	8.030611 
1275.190966  	8.007416 
1336.359233  	7.943220 
1397.781099  	7.975103 
1459.424544  	7.961186 
1521.262633  	7.953873 
1583.272560  	7.871837 
1645.434897  	7.841704 
1707.733000  	7.813513 
1770.152536  	7.766050 
1832.681096  	7.753705 
1895.307891  	7.705543 
1958.023493  	7.778531 
2020.819636  	7.746056 
2083.689036  	7.721123 
2146.625258  	7.685234 
2209.622592  	7.617901 
1757.379868  	7.727850 
1694.489894  	7.645314 
1631.686244  	7.669826 
1568.979286  	7.795794 
1506.381094  	7.714770 
1443.905814  	7.701051 
1381.570121  	7.701803 
1319.393800  	7.691423 
1257.400493  	7.702249 
1195.618668  	7.754591 
1134.082889  	7.767559 
1072.835495  	7.812468 
1011.928851  	7.698371 
951.428400  	7.718380 
891.416850  	7.734877 
832.000000  	7.745391 
773.314942  	7.743721 
715.541753  	7.668054 
658.920329  	7.711224 
603.774792  	7.680071 
550.548817  	7.688587 
499.855979  	7.604460 
452.548340  	7.658810 
409.799951  	7.644495 
373.180921  	7.614802 
344.650548  	7.675119 
326.337249  	7.691833 
320.000000  	7.739903 
326.337249  	7.781603 
344.650548  	7.837003 
373.180921  	7.849637 
409.799951  	7.861028 
452.548340  	7.881589 
499.855979  	7.888370 
550.548817  	7.894809 
603.774792  	7.907975 
658.920329  	7.965562 
715.541753  	8.047156 
773.314942  	8.090865 
832.000000  	8.126909 
891.416850  	8.134417 
951.428400  	8.134928 
1011.928851  	8.120355 
1072.835495  	8.036491 
1134.082889  	8.019636 
1195.618668  	8.004814 
1257.400493  	8.003817 
1319.393800  	7.913669 
1381.570121  	7.966465 
1443.905814  	7.910027 
1506.381094  	7.879726 
1568.979286  	7.859430 
1631.686244  	7.820582 
1694.489894  	7.825949 
1757.379868  	7.771817 
1820.347220  	7.778094 
1883.384188  	7.775777 
1946.484010  	7.699603 
2009.640764  	7.703385 
2072.849247  	7.751053 
2136.104866  	7.585763 
2199.403556  	7.529892 
1746.860040  	7.643171 
1683.577144  	7.800133 
1620.350579  	7.754656 
1557.187208  	7.659335 
1494.095044  	7.695388 
1431.083506  	7.625906 
1368.163733  	7.695955 
1305.348995  	7.746282 
1242.655222  	7.693197 
1180.101691  	7.745759 
1117.711949  	7.734345 
1055.515040  	7.662834 
993.547181  	7.678502 
931.854066  	7.811102 
870.494113  	7.749067 
809.543081  	7.706950 
749.100794  	7.687520 
689.301095  	7.729501 
630.326899  	7.724158 
572.433402  	7.699487 
515.984496  	7.680566 
461.510563  	7.709269 
409.799951  	7.696006 
362.038672  	7.646834 
320.000000  	7.676005 
286.216701  	7.698867 
263.878760  	7.730519 
256.000000  	7.716910 
263.878760  	7.746511 
286.216701  	7.807387 
320.000000  	7.842197 
362.038672  	7.875037 
409.799951  	7.880756 
461.510563  	7.903666 
515.984496  	7.896855 
572.433402  	7.906193 
630.326899  	7.947300 
689.301095  	8.080006 
749.100794  	8.147986 
809.543081  	8.140140 
870.494113  	8.140971 
931.854066  	8.118738 
993.547181  	8.105868 
1055.515040  	8.023656 
1117.711949  	8.015717 
1180.101691  	7.961284 
1242.655222  	7.935985 
1305.348995  	7.916497 
1368.163733  	7.935799 
1431.083506  	7.892257 
1494.095044  	7.859234 
1557.187208  	7.843984 
1620.350579  	7.801793 
1683.577144  	7.782162 
1746.860040  	7.754684 
1810.193360  	7.771420 
1873.571990  	7.719885 
1936.991482  	7.738729 
2000.447950  	7.716493 
2063.937984  	7.698194 
2127.458578  	7.684871 
2191.007074  	7.631245 
1738.633947  	7.793066 
1675.040298  	7.679810 
1611.478824  	7.748853 
1547.953488  	7.748170 
1484.468929  	7.657676 
1421.030612  	7.703393 
1357.645020  	7.678426 
1294.319899  	7.630714 
1231.064580  	7.633503 
1167.890406  	7.670491 
1104.811296  	7.725263 
1041.844518  	7.657341 
979.011747  	7.717479 
916.340548  	7.709471 
853.866500  	7.695645 
791.636280  	7.724110 
729.712272  	7.650189 
668.179617  	7.685709 
607.157311  	7.752950 
546.816240  	7.740346 
487.409479  	7.695044 
429.325052  	7.730616 
373.180921  	7.696214 
320.000000  	7.648761 
271.529004  	7.732429 
230.755282  	7.732648 
202.385770  	7.708280 
192.000000  	7.722744 
202.385770  	7.730059 
230.755282  	7.805111 
271.529004  	7.848370 
320.000000  	7.856751 
373.180921  	7.867998 
429.325052  	7.873431 
487.409479  	7.889898 
546.816240  	7.924072 
607.157311  	7.969286 
668.179617  	8.027975 
729.712272  	8.064346 
791.636280  	8.103946 
853.866500  	8.116202 
916.340548  	8.075057 
979.011747  	8.065633 
1041.844518  	7.999275 
1104.811296  	8.016177 
1167.890406  	7.995354 
1231.064580  	7.906595 
1294.319899  	7.923851 
1357.645020  	7.927112 
1421.030612  	7.865348 
1484.468929  	7.871122 
1547.953488  	7.879171 
1611.478824  	7.813724 
1675.040298  	7.788991 
1738.633947  	7.752201 
1802.256364  	7.721119 
1865.904606  	7.688153 
1929.576119  	7.703214 
1993.268672  	7.613490 
2056.980311  	7.652921 
2120.709315  	7.657949 
2184.454165  	7.650914 
1732.734255  	7.821390 
1668.915816  	7.750483 
1605.111834  	7.725494 
1541.324106  	7.671031 
1477.554737  	7.643263 
1413.806210  	7.693151 
1350.081479  	7.750275 
1286.384080  	7.682116 
1222.718283  	7.584158 
1159.089298  	7.648963 
1095.503537  	7.709560 
1031.968992  	7.733469 
968.495741  	7.730004 
905.096680  	7.949879 
841.788572  	7.709306 
778.593604  	7.699862 
715.541753  	7.648484 
652.674498  	7.681066 
590.050845  	7.683637 
527.757520  	7.669699 
465.927033  	7.661812 
404.771541  	7.671227 
344.650548  	7.706638 
286.216701  	7.643990 
230.755282  	7.723841 
181.019336  	7.721381 
143.108351  	7.670374 
128.000000  	7.721949 
143.108351  	7.757461 
181.019336  	7.782053 
230.755282  	7.822936 
286.216701  	7.846777 
344.650548  	7.864641 
404.771541  	7.895887 
465.927033  	7.871782 
527.757520  	7.935562 
590.050845  	7.924583 
652.674498  	8.032687 
715.541753  	8.050437 
778.593604  	8.068879 
841.788572  	8.070474 
905.096680  	8.082034 
968.495741  	8.007108 
1031.968992  	7.989100 
1095.503537  	7.940996 
1159.089298  	7.874297 
1222.718283  	7.900014 
1286.384080  	7.909520 
1350.081479  	7.857247 
1413.806210  	7.826305 
1477.554737  	7.760108 
1541.324106  	7.828741 
1605.111834  	7.801536 
1668.915816  	7.803004 
1732.734255  	7.778598 
1796.565612  	7.703337 
1860.408557  	7.651734 
1924.261936  	7.668807 
1988.124745  	7.670823 
2051.996101  	7.614351 
2115.875233  	7.708303 
2179.761455  	7.622001 
1729.184779  	7.664347 
1665.230314  	7.737479 
1601.279488  	7.686928 
1537.332755  	7.681851 
1473.390647  	7.665414 
1409.453795  	7.645272 
1345.522947  	7.636590 
1281.599001  	7.637986 
1217.683046  	7.713359 
1153.776408  	7.667269 
1089.880727  	7.654743 
1025.998051  	7.703498 
962.130968  	7.706693 
898.282806  	7.833961 
834.457908  	7.695642 
770.662053  	7.581745 
706.903105  	7.647826 
643.192040  	7.671690 
579.544649  	7.805767 
515.984496  	7.661273 
452.548340  	7.668245 
389.296802  	7.676890 
326.337249  	7.729323 
263.878760  	7.669381 
202.385770  	7.733194 
143.108351  	7.718010 
90.509668  	7.651789 
64.000000  	7.692658 
90.509668  	7.713243 
143.108351  	7.719417 
202.385770  	7.818578 
263.878760  	7.855845 
326.337249  	7.906456 
389.296802  	7.913932 
452.548340  	7.904843 
515.984496  	7.925973 
579.544649  	7.960071 
643.192040  	8.017665 
706.903105  	8.003714 
770.662053  	8.019930 
834.457908  	7.990860 
898.282806  	8.016338 
962.130968  	8.002046 
1025.998051  	7.943742 
1089.880727  	7.946317 
1153.776408  	7.854013 
1217.683046  	7.847463 
1281.599001  	7.837403 
1345.522947  	7.838084 
1409.453795  	7.792523 
1473.390647  	7.780663 
1537.332755  	7.796439 
1601.279488  	7.800575 
1665.230314  	7.767976 
1729.184779  	7.711190 
1793.142493  	7.712799 
1857.103120  	7.703255 
1921.066371  	7.654510 
1985.031990  	7.621561 
2048.999756  	7.662407 
2112.969474  	7.618986 
2176.940973  	7.632187 
1728.000000  	7.797132 
1664.000000  	7.769912 
1600.000000  	7.683306 
1536.000000  	7.687532 
1472.000000  	7.633081 
1408.000000  	7.621832 
1344.000000  	7.741845 
1280.000000  	7.702162 
1216.000000  	8.000594 
1152.000000  	7.704632 
1088.000000  	7.628308 
1024.000000  	7.680641 
960.000000  	7.712809 
896.000000  	7.685831 
832.000000  	7.669194 
768.000000  	7.617697 
704.000000  	7.766987 
640.000000  	7.755180 
576.000000  	7.685155 
512.000000  	7.648325 
448.000000  	7.675447 
384.000000  	7.649203 
320.000000  	7.857549 
256.000000  	7.741235 
192.000000  	7.697005 
128.000000  	7.680049 
64.000000  	7.662971 
0.000000  	7.718628 
64.000000  	7.777321 
128.000000  	7.778322 
192.000000  	7.793404 
256.000000  	7.843714 
320.000000  	7.901720 
384.000000  	7.886975 
448.000000  	7.959210 
512.000000  	8.004881 
576.000000  	8.020072 
640.000000  	7.987326 
704.000000  	8.004734 
768.000000  	8.013750 
832.000000  	7.978213 
896.000000  	7.930350 
960.000000  	7.943577 
1024.000000  	7.897336 
1088.000000  	7.883953 
1152.000000  	7.882543 
1216.000000  	7.835562 
1280.000000  	7.839748 
1344.000000  	7.846054 
1408.000000  	7.750176 
1472.000000  	7.790459 
1536.000000  	7.811354 
1600.000000  	7.806603 
1664.000000  	7.740668 
1728.000000  	7.719520 
1792.000000  	7.648013 
1856.000000  	7.681173 
1920.000000  	7.678259 
1984.000000  	7.640180 
2048.000000  	7.650377 
2112.000000  	7.635217 
2176.000000  	7.616409 
1729.184779  	7.660743 
1665.230314  	7.604055 
1601.279488  	7.585659 
1537.332755  	7.609103 
1473.390647  	7.584307 
1409.453795  	7.598445 
1345.522947  	7.563761 
1281.599001  	7.636843 
1217.683046  	7.539788 
1153.776408  	7.581234 
1089.880727  	7.603869 
1025.998051  	7.683683 
962.130968  	7.654041 
898.282806  	7.543798 
834.457908  	7.627361 
770.662053  	7.598762 
706.903105  	7.709850 
643.192040  	7.778453 
579.544649  	7.653518 
515.984496  	7.676743 
452.548340  	7.641748 
389.296802  	7.687924 
326.337249  	7.750089 
263.878760  	7.713200 
202.385770  	7.726915 
143.108351  	7.712412 
90.509668  	7.683648 
64.000000  	7.700999 
90.509668  	7.788733 
143.108351  	7.765538 
202.385770  	7.835225 
263.878760  	7.958405 
326.337249  	7.901994 
389.296802  	7.941509 
452.548340  	7.939095 
515.984496  	7.975877 
579.544649  	7.978887 
643.192040  	7.943403 
706.903105  	7.945135 
770.662053  	7.926361 
834.457908  	7.934583 
898.282806  	7.872590 
962.130968  	7.850537 
1025.998051  	7.867968 
1089.880727  	7.848774 
1153.776408  	7.818618 
1217.683046  	7.804950 
1281.599001  	7.836416 
1345.522947  	7.830465 
1409.453795  	7.779845 
1473.390647  	7.833027 
1537.332755  	7.821029 
1601.279488  	7.761546 
1665.230314  	7.732068 
1729.184779  	7.716892 
1793.142493  	7.670647 
1857.103120  	7.655498 
1921.066371  	7.663269 
1985.031990  	7.616697 
2048.999756  	7.568820 
2112.969474  	7.597925 
2176.940973  	7.638426 
1732.734255  	7.526759 
1668.915816  	7.609326 
1605.111834  	7.667936 
1541.324106  	7.614945 
1477.554737  	7.484010 
1413.806210  	7.680771 
1350.081479  	7.600843 
1286.384080  	7.647341 
1222.718283  	7.670459 
1159.089298  	7.567798 
1095.503537  	7.606773 
1031.968992  	7.736103 
968.495741  	7.691927 
905.096680  	7.627551 
841.788572  	7.760172 
778.593604  	7.660455 
715.541753  	7.718658 
652.674498  	7.863901 
590.050845  	7.830998 
527.757520  	7.680453 
465.927033  	7.732040 
404.771541  	7.669413 
344.650548  	7.682835 
286.216701  	7.637555 
230.755282  	7.683056 
181.019336  	7.638130 
143.108351  	7.667400 
128.000000  	7.746646 
143.108351  	7.753383 
181.019336  	7.763090 
230.755282  	7.831248 
286.216701  	7.926642 
344.650548  	7.926246 
404.771541  	7.955273 
465.927033  	7.983890 
527.757520  	8.002010 
590.050845  	7.958878 
652.674498  	7.960544 
715.541753  	7.953426 
778.593604  	7.896100 
841.788572  	7.881828 
905.096680  	7.835493 
968.495741  	7.817454 
1031.968992  	7.834851 
1095.503537  	7.830926 
1159.089298  	7.813635 
1222.718283  	7.799502 
1286.384080  	7.838504 
1350.081479  	7.843189 
1413.806210  	7.801071 
1477.554737  	7.837391 
1541.324106  	7.805927 
1605.111834  	7.798719 
1668.915816  	7.730025 
1732.734255  	7.697349 
1796.565612  	7.599085 
1860.408557  	7.584650 
1924.261936  	7.646042 
1988.124745  	7.557103 
2051.996101  	7.624699 
2115.875233  	7.674267 
2179.761455  	7.609765 
1738.633947  	7.684961 
1675.040298  	7.737731 
1611.478824  	7.810661 
1547.953488  	7.714003 
1484.468929  	7.538651 
1421.030612  	7.824866 
1357.645020  	7.759734 
1294.319899  	7.625562 
1231.064580  	7.654368 
1167.890406  	7.496684 
1104.811296  	7.606022 
1041.844518  	7.617292 
979.011747  	7.560263 
916.340548  	7.597547 
853.866500  	7.710241 
791.636280  	7.653722 
729.712272  	7.650642 
668.179617  	7.757474 
607.157311  	7.601900 
546.816240  	7.693174 
487.409479  	7.640273 
429.325052  	7.621996 
373.180921  	7.698110 
320.000000  	7.616311 
271.529004  	7.722770 
230.755282  	7.648075 
202.385770  	7.641767 
192.000000  	7.708145 
202.385770  	7.706515 
230.755282  	7.777471 
271.529004  	7.934675 
320.000000  	7.866947 
373.180921  	8.056315 
429.325052  	8.086091 
487.409479  	7.944717 
546.816240  	7.943735 
607.157311  	7.965786 
668.179617  	7.962303 
729.712272  	7.935629 
791.636280  	7.900169 
853.866500  	7.895687 
916.340548  	7.887207 
979.011747  	7.872088 
1041.844518  	7.848381 
1104.811296  	7.803887 
1167.890406  	7.819369 
1231.064580  	7.803500 
1294.319899  	7.854093 
1357.645020  	7.855239 
1421.030612  	7.791822 
1484.468929  	7.824492 
1547.953488  	7.847026 
1611.478824  	7.803709 
1675.040298  	7.718887 
1738.633947  	7.726203 
1802.256364  	7.686646 
1865.904606  	7.626581 
1929.576119  	7.649955 
1993.268672  	7.608846 
2056.980311  	7.627435 
2120.709315  	7.709663 
2184.454165  	7.648547 
1746.860040  	7.622684 
1683.577144  	7.534850 
1620.350579  	7.738464 
1557.187208  	7.733009 
1494.095044  	7.408998 
1431.083506  	7.597250 
1368.163733  	7.587319 
1305.348995  	7.658863 
1242.655222  	7.416755 
1180.101691  	7.581063 
1117.711949  	7.581079 
1055.515040  	7.678585 
993.547181  	7.583023 
931.854066  	7.598983 
870.494113  	7.655121 
809.543081  	7.574827 
749.100794  	7.652520 
689.301095  	7.649500 
630.326899  	7.642179 
572.433402  	7.533661 
515.984496  	7.532682 
461.510563  	7.631006 
409.799951  	7.628489 
362.038672  	7.658258 
320.000000  	7.728767 
286.216701  	7.695328 
263.878760  	7.637821 
256.000000  	7.691607 
263.878760  	7.712930 
286.216701  	7.759224 
320.000000  	7.747356 
362.038672  	7.843252 
409.799951  	8.062770 
461.510563  	8.104789 
515.984496  	7.950175 
572.433402  	7.939625 
630.326899  	7.865452 
689.301095  	7.909752 
749.100794  	7.915096 
809.543081  	7.903639 
870.494113  	7.873337 
931.854066  	7.828401 
993.547181  	7.851288 
1055.515040  	7.794350 
1117.711949  	7.823354 
1180.101691  	7.797792 
1242.655222  	7.797612 
1305.348995  	7.822219 
1368.163733  	7.820480 
1431.083506  	7.847104 
1494.095044  	7.854785 
1557.187208  	7.859395 
1620.350579  	7.777368 
1683.577144  	7.718274 
1746.860040  	7.701660 
1810.193360  	7.637954 
1873.571990  	7.617621 
1936.991482  	7.658585 
2000.447950  	7.588438 
2063.937984  	7.667846 
2127.458578  	7.688357 
2191.007074  	7.536124 
1757.379868  	7.682196 
1694.489894  	7.593378 
1631.686244  	7.762543 
1568.979286  	7.683217 
1506.381094  	7.629338 
1443.905814  	7.558502 
1381.570121  	7.591017 
1319.393800  	7.726529 
1257.400493  	7.760126 
1195.618668  	7.541954 
1134.082889  	7.595904 
1072.835495  	7.626850 
1011.928851  	7.612394 
951.428400  	7.723831 
891.416850  	7.706172 
832.000000  	7.653613 
773.314942  	7.645177 
715.541753  	7.658093 
658.920329  	7.604823 
603.774792  	7.553945 
550.548817  	7.536344 
499.855979  	7.574201 
452.548340  	7.658239 
409.799951  	7.637321 
373.180921  	7.681395 
344.650548  	7.650991 
326.337249  	7.670209 
320.000000  	7.691499 
326.337249  	7.674820 
344.650548  	7.738279 
373.180921  	7.732328 
409.799951  	7.843340 
452.548340  	7.885920 
499.855979  	7.830316 
550.548817  	7.937282 
603.774792  	7.892155 
658.920329  	7.887270 
715.541753  	7.866624 
773.314942  	7.875690 
832.000000  	7.849175 
891.416850  	7.814963 
951.428400  	7.810764 
1011.928851  	7.798678 
1072.835495  	7.781732 
1134.082889  	7.760546 
1195.618668  	7.856507 
1257.400493  	7.818223 
1319.393800  	7.851816 
1381.570121  	7.804449 
1443.905814  	7.813892 
1506.381094  	7.789181 
1568.979286  	7.732649 
1631.686244  	7.696523 
1694.489894  	7.716457 
1757.379868  	7.724500 
1820.347220  	7.696566 
1883.384188  	7.618393 
1946.484010  	7.672575 
2009.640764  	7.615230 
2072.849247  	7.655923 
2136.104866  	7.734186 
2199.403556  	7.574129 
1770.152536  	7.504103 
1707.733000  	7.974700 
1645.434897  	7.683569 
1583.272560  	7.762416 
1521.262633  	7.647480 
1459.424544  	7.790360 
1397.781099  	7.702175 
1336.359233  	7.521650 
1275.190966  	7.458347 
1214.314622  	7.585830 
1153.776408  	7.630330 
1093.632479  	7.696948 
1033.951643  	7.663112 
974.818958  	7.706531 
916.340548  	7.646464 
858.650103  	7.615901 
801.917702  	7.671049 
746.361843  	7.628725 
692.265845  	7.734416 
640.000000  	7.798730 
590.050845  	7.621384 
543.058008  	7.607123 
499.855979  	7.698352 
461.510563  	7.609705 
429.325052  	7.667011 
404.771541  	7.660970 
389.296802  	7.639390 
384.000000  	7.699338 
389.296802  	7.666045 
404.771541  	7.691071 
429.325052  	7.777476 
461.510563  	7.809655 
499.855979  	7.896831 
543.058008  	7.879852 
590.050845  	7.889766 
640.000000  	7.902487 
692.265845  	7.888015 
746.361843  	7.972765 
801.917702  	7.849971 
858.650103  	7.840269 
916.340548  	7.834360 
974.818958  	7.782856 
1033.951643  	7.796863 
1093.632479  	7.798053 
1153.776408  	7.823251 
1214.314622  	7.804670 
1275.190966  	7.783190 
1336.359233  	7.839545 
1397.781099  	7.780110 
1459.424544  	7.792189 
1521.262633  	7.786839 
1583.272560  	7.703349 
1645.434897  	7.800556 
1707.733000  	7.711125 
1770.152536  	7.662777 
1832.681096  	7.552157 
1895.307891  	7.659169 
1958.023493  	7.671975 
2020.819636  	7.634899 
2083.689036  	7.618321 
2146.625258  	7.667033 
2209.622592  	7.573352 
1785.129687  	7.966669 
1723.252738  	7.488039 
1661.536638  	7.724390 
1600.000000  	7.701166 
1538.664356  	7.418142 
1477.554737  	7.633041 
1416.700392  	7.591141 
1356.135686  	7.575781 
1295.901231  	7.586128 
1236.045307  	7.620120 
1176.625684  	7.602853 
1117.711949  	7.680372 
1059.388503  	7.697718 
1001.758454  	7.764013 
944.948676  	7.683047 
889.116415  	7.719456 
834.457908  	7.679892 
781.219559  	7.688047 
729.712272  	7.590221 
680.329332  	7.659160 
633.567676  	7.645551 
590.050845  	7.656185 
550.548817  	7.654066 
515.984496  	7.608538 
487.409479  	7.714995 
465.927033  	7.679831 
452.548340  	7.669472 
448.000000  	7.719568 
452.548340  	7.693987 
465.927033  	7.714085 
487.409479  	7.711152 
515.984496  	7.796372 
550.548817  	7.814824 
590.050845  	7.854020 
633.567676  	7.848783 
680.329332  	7.875085 
729.712272  	7.846260 
781.219559  	7.843307 
834.457908  	7.860141 
889.116415  	7.864230 
944.948676  	7.850608 
1001.758454  	7.774126 
1059.388503  	7.773955 
1117.711949  	7.775968 
1176.625684  	7.790875 
1236.045307  	7.805643 
1295.901231  	7.795208 
1356.135686  	7.791093 
1416.700392  	7.771160 
1477.554737  	7.770574 
1538.664356  	7.733844 
1600.000000  	7.684368 
1661.536638  	7.736221 
1723.252738  	7.620185 
1785.129687  	7.633560 
1847.151320  	7.627720 
1909.303538  	7.700669 
1971.573990  	7.610763 
2033.951819  	7.606893 
2096.427437  	7.655985 
2158.992358  	7.618913 
2221.639035  	7.586314 
1802.256364  	7.539057 
1740.988225  	7.523152 
1679.923808  	7.664261 
1619.086162  	7.629225 
1558.501845  	7.680202 
1498.201589  	7.748254 
1438.221123  	7.826003 
1378.602191  	7.624785 
1319.393800  	7.691714 
1260.653799  	7.717362 
1202.450831  	7.667639 
1144.866804  	7.670110 
1088.000000  	7.708814 
1031.968992  	7.753577 
976.917601  	7.656686 
923.021127  	7.677413 
870.494113  	7.781586 
819.599902  	7.736067 
770.662053  	7.649555 
724.077344  	7.723933 
680.329332  	7.665456 
640.000000  	7.611716 
603.774792  	7.642344 
572.433402  	7.647025 
546.816240  	7.620448 
527.757520  	7.613525 
515.984496  	7.678903 
512.000000  	7.724838 
515.984496  	7.734319 
527.757520  	7.786679 
546.816240  	7.671706 
572.433402  	7.740967 
603.774792  	7.786753 
640.000000  	7.865242 
680.329332  	7.872530 
724.077344  	7.918911 
770.662053  	7.898155 
819.599902  	7.824517 
870.494113  	7.834084 
923.021127  	7.825114 
976.917601  	7.806986 
1031.968992  	7.786515 
1088.000000  	7.791835 
1144.866804  	7.805750 
1202.450831  	7.748901 
1260.653799  	7.804133 
1319.393800  	7.800630 
1378.602191  	7.814595 
1438.221123  	7.764670 
1498.201589  	7.764420 
1558.501845  	7.679483 
1619.086162  	7.711411 
1679.923808  	7.705283 
1740.988225  	7.609994 
1802.256364  	7.581375 
1863.708132  	7.602177 
1925.325946  	7.629824 
1987.094361  	7.601781 
2048.999756  	7.670501 
2111.030080  	7.709846 
2173.174636  	7.650016 
2235.423897  	7.790568 
1821.471932  	7.708623 
1760.872511  	7.654942 
1700.522273  	7.681551 
1640.448719  	7.660805 
1580.683397  	7.820177 
1521.262633  	7.510311 
1462.228436  	7.443205 
1403.629581  	7.718646 
1345.522947  	7.565560 
1287.975155  	7.682427 
1231.064580  	7.536217 
1174.883824  	7.612498 
1119.542764  	7.670705 
1065.172287  	7.646208 
1011.928851  	7.610595 
960.000000  	7.687718 
909.610906  	7.691674 
861.031939  	7.735121 
814.587012  	7.713839 
770.662053  	7.764085 
729.712272  	7.688195 
692.265845  	7.583259 
658.920329  	7.622888 
630.326899  	7.629863 
607.157311  	7.658752 
590.050845  	7.664290 
579.544649  	7.649853 
576.000000  	7.695515 
579.544649  	7.751915 
590.050845  	7.747552 
607.157311  	7.719956 
630.326899  	7.754363 
658.920329  	7.772052 
692.265845  	7.800567 
729.712272  	7.764936 
770.662053  	7.821683 
814.587012  	7.796758 
861.031939  	7.798272 
909.610906  	7.818681 
960.000000  	7.807035 
1011.928851  	7.736351 
1065.172287  	7.740415 
1119.542764  	7.796661 
1174.883824  	7.790818 
1231.064580  	7.756541 
1287.975155  	7.789868 
1345.522947  	7.771441 
1403.629581  	7.731089 
1462.228436  	7.732462 
1521.262633  	7.712891 
1580.683397  	7.660999 
1640.448719  	7.673438 
1700.522273  	7.615245 
1760.872511  	7.646119 
1821.471932  	7.611870 
1882.296470  	7.664424 
1943.324986  	7.559272 
2004.538850  	7.527975 
2065.921586  	7.818290 
2127.458578  	7.611204 
2189.136816  	7.718732 
2250.944691  	7.618865 
1842.711046  	7.787325 
1782.833699  	7.753572 
1723.252738  	7.682996 
1664.000000  	7.638700 
1605.111834  	7.893364 
1546.629885  	7.735007 
1488.602029  	7.722073 
1431.083506  	7.581694 
1374.138275  	7.536212 
1317.840658  	7.472404 
1262.277307  	7.594517 
1207.549585  	7.623149 
1153.776408  	7.632871 
1101.097634  	7.722725 
1049.678046  	7.685249 
999.711959  	7.814465 
951.428400  	7.695606 
905.096680  	7.663608 
861.031939  	7.636816 
819.599902  	7.680347 
781.219559  	7.667723 
746.361843  	7.525150 
715.541753  	7.647747 
689.301095  	7.611584 
668.179617  	7.676180 
652.674498  	7.709107 
643.192040  	7.666952 
640.000000  	7.667411 
643.192040  	7.715497 
652.674498  	7.710379 
668.179617  	7.765056 
689.301095  	7.744706 
715.541753  	7.760510 
746.361843  	7.754072 
781.219559  	7.729599 
819.599902  	7.722369 
861.031939  	7.806650 
905.096680  	7.781831 
951.428400  	7.877105 
999.711959  	7.798121 
1049.678046  	7.790228 
1101.097634  	7.711723 
1153.776408  	7.786605 
1207.549585  	7.742972 
1262.277307  	7.772094 
1317.840658  	7.730452 
1374.138275  	7.679248 
1431.083506  	7.719450 
1488.602029  	7.736979 
1546.629885  	7.695880 
1605.111834  	7.650401 
1664.000000  	7.575324 
1723.252738  	7.655261 
1782.833699  	7.599050 
1842.711046  	7.616624 
1902.856800  	7.585757 
1963.246291  	7.589192 
2023.857703  	7.600482 
2084.671677  	7.700195 
2145.670991  	7.621105 
2206.840275  	7.664598 
2268.165779  	7.719871 
1865.904606  	7.610068 
1806.796059  	7.840331 
1748.032036  	7.745780 
1689.648484  	7.551675 
1631.686244  	7.811340 
1574.191856  	7.633575 
1517.218508  	7.757073 
1460.827163  	7.495739 
1405.087898  	7.633347 
1350.081479  	7.607643 
1295.901231  	7.570584 
1242.655222  	7.582544 
1190.468815  	7.602922 
1139.487604  	7.645013 
1089.880727  	7.677013 
1041.844518  	7.940317 
995.606348  	7.753156 
951.428400  	7.749884 
909.610906  	7.669165 
870.494113  	7.728779 
834.457908  	7.715102 
801.917702  	7.712997 
773.314942  	7.652371 
749.100794  	7.619000 
729.712272  	7.606504 
715.541753  	7.715525 
706.903105  	7.763466 
704.000000  	7.706313 
706.903105  	7.775738 
715.541753  	7.735653 
729.712272  	7.738201 
749.100794  	7.743871 
773.314942  	7.725783 
801.917702  	7.769208 
834.457908  	7.760056 
870.494113  	7.782379 
909.610906  	7.804692 
951.428400  	7.773559 
995.606348  	7.790318 
1041.844518  	7.777994 
1089.880727  	7.778344 
1139.487604  	7.742685 
1190.468815  	7.756220 
1242.655222  	7.745202 
1295.901231  	7.744761 
1350.081479  	7.724018 
1405.087898  	7.722951 
1460.827163  	7.659965 
1517.218508  	7.746564 
1574.191856  	7.764506 
1631.686244  	7.670070 
1689.648484  	7.609259 
1748.032036  	7.632548 
1806.796059  	7.658623 
1865.904606  	7.792128 
1925.325946  	7.722961 
1985.031990  	7.722239 
2044.997800  	7.639722 
2105.201178  	7.713447 
2165.622312  	7.635552 
2226.243473  	7.670956 
2287.048753  	7.627190 
1890.980698  	7.863045 
1832.681096  	7.373013 
1774.774352  	7.826846 
1717.300207  	7.773413 
1660.303587  	7.712250 
1603.835403  	7.679320 
1547.953488  	7.677239 
1492.723685  	7.659240 
1438.221123  	7.638505 
1384.531690  	7.647781 
1331.753731  	7.590611 
1280.000000  	7.580427 
1229.399854  	7.593972 
1180.101691  	7.639408 
1132.275585  	7.721518 
1086.116016  	7.619939 
1041.844518  	7.579343 
999.711959  	7.644866 
960.000000  	7.613142 
923.021127  	7.580480 
889.116415  	7.673229 
858.650103  	7.792754 
832.000000  	7.647395 
809.543081  	7.794104 
791.636280  	7.756821 
778.593604  	7.671521 
770.662053  	7.674965 
768.000000  	7.798890 
770.662053  	7.700603 
778.593604  	7.736080 
791.636280  	7.695093 
809.543081  	7.728276 
832.000000  	7.721096 
858.650103  	7.683814 
889.116415  	7.699118 
923.021127  	7.776488 
960.000000  	7.737743 
999.711959  	7.735151 
1041.844518  	7.764769 
1086.116016  	7.768663 
1132.275585  	7.805626 
1180.101691  	7.759881 
1229.399854  	7.709851 
1280.000000  	7.747570 
1331.753731  	7.699866 
1384.531690  	7.718562 
1438.221123  	7.653821 
1492.723685  	7.649300 
1547.953488  	7.612791 
1603.835403  	7.642317 
1660.303587  	7.606963 
1717.300207  	7.655185 
1774.774352  	7.619561 
1832.681096  	7.652835 
1890.980698  	7.756505 
1949.637915  	7.714540 
2008.621418  	7.711017 
2067.903286  	7.560645 
2127.458578  	7.573324 
2187.264959  	7.705811 
2247.302383  	7.770914 
2307.552816  	7.687911 
1917.865480  	7.658430 
1860.408557  	7.649493 
1803.392359  	7.725140 
1746.860040  	7.731923 
1690.860136  	7.694952 
1635.447339  	7.698750 
1580.683397  	7.711767 
1526.638137  	7.682561 
1473.390647  	7.586410 
1421.030612  	7.597569 
1369.659812  	7.479023 
1319.393800  	7.594802 
1270.363727  	7.645941 
1222.718283  	7.598320 
1176.625684  	7.684347 
1132.275585  	7.724409 
1089.880727  	7.686733 
1049.678046  	7.746379 
1011.928851  	7.641547 
976.917601  	7.737118 
944.948676  	7.667087 
916.340548  	7.677465 
891.416850  	7.551118 
870.494113  	7.681191 
853.866500  	7.722818 
841.788572  	7.680743 
834.457908  	7.764348 
832.000000  	7.718382 
834.457908  	7.663727 
841.788572  	7.653835 
853.866500  	7.737852 
870.494113  	7.702039 
891.416850  	7.638975 
916.340548  	7.701083 
944.948676  	7.650469 
976.917601  	7.701005 
1011.928851  	7.643011 
1049.678046  	7.676635 
1089.880727  	7.813111 
1132.275585  	7.731486 
1176.625684  	7.717104 
1222.718283  	7.630364 
1270.363727  	7.776846 
1319.393800  	7.683155 
1369.659812  	7.744372 
1421.030612  	7.752022 
1473.390647  	7.612028 
1526.638137  	7.662527 
1580.683397  	7.636848 
1635.447339  	7.652845 
1690.860136  	7.595773 
1746.860040  	7.558593 
1803.392359  	7.625790 
1860.408557  	7.635845 
1917.865480  	7.736513 
1975.724677  	7.596886 
2033.951819  	7.633253 
2092.516189  	7.660431 
2151.390248  	7.571065 
2210.549253  	7.748796 
2269.970925  	7.806041 
2329.635165  	7.837005 
1946.484010  	7.921259 
1889.897352  	7.516206 
1833.798244  	7.790396 
1778.232831  	7.538266 
1723.252738  	7.539259 
1668.915816  	7.615789 
1615.286971  	7.661244 
1562.439119  	7.607995 
1510.454236  	7.684375 
1459.424544  	7.731427 
1409.453795  	7.739038 
1360.658664  	7.660910 
1313.170210  	7.655896 
1267.135352  	7.569602 
1222.718283  	7.569438 
1180.101691  	7.665758 
1139.487604  	7.694239 
1101.097634  	7.664180 
1065.172287  	7.642055 
1031.968992  	7.626304 
1001.758454  	7.731288 
974.818958  	7.647640 
951.428400  	7.734681 
931.854066  	7.596231 
916.340548  	7.568508 
905.096680  	7.637582 
898.282806  	7.677875 
896.000000  	7.633627 
898.282806  	7.689997 
905.096680  	7.573463 
916.340548  	7.607413 
931.854066  	7.709790 
951.428400  	7.730731 
974.818958  	7.625321 
1001.758454  	7.713605 
1031.968992  	7.645837 
1065.172287  	7.693025 
1101.097634  	7.668257 
1139.487604  	7.708990 
1180.101691  	7.706321 
1222.718283  	7.660593 
1267.135352  	7.688101 
1313.170210  	7.776248 
1360.658664  	7.734986 
1409.453795  	7.675915 
1459.424544  	7.718535 
1510.454236  	7.644326 
1562.439119  	7.640802 
1615.286971  	7.687139 
1668.915816  	7.580021 
1723.252738  	7.530404 
1778.232831  	7.693419 
1833.798244  	7.602429 
1889.897352  	7.639966 
1946.484010  	7.768547 
2003.516908  	7.694582 
2060.959000  	7.753467 
2118.777006  	7.772666 
2176.940973  	7.893742 
2235.423897  	7.701578 
2294.201386  	7.723688 
2353.251368  	7.654223 
1976.760987  	7.686247 
1921.066371  	7.563299 
1865.904606  	7.700466 
1811.324377  	7.724944 
1757.379868  	7.686364 
1704.131450  	7.724755 
1651.646451  	7.862337 
1600.000000  	7.427329 
1549.275960  	7.664023 
1499.567938  	7.771364 
1450.980358  	7.681986 
1403.629581  	7.705194 
1357.645020  	7.704613 
1313.170210  	7.762398 
1270.363727  	7.587736 
1229.399854  	7.538310 
1190.468815  	7.518381 
1153.776408  	7.650422 
1119.542764  	7.541795 
1088.000000  	7.793052 
1059.388503  	7.751467 
1033.951643  	7.717642 
1011.928851  	7.767174 
993.547181  	7.663926 
979.011747  	7.690590 
968.495741  	7.718867 
962.130968  	7.691465 
960.000000  	7.609244 
962.130968  	7.630717 
968.495741  	7.621916 
979.011747  	7.676241 
993.547181  	7.627803 
1011.928851  	7.714992 
1033.951643  	7.758412 
1059.388503  	7.653783 
1088.000000  	7.720300 
1119.542764  	7.470260 
1153.776408  	7.657364 
1190.468815  	7.741724 
1229.399854  	7.734317 
1270.363727  	7.615186 
1313.170210  	7.590204 
1357.645020  	7.674890 
1403.629581  	7.625595 
1450.980358  	7.669367 
1499.567938  	7.551627 
1549.275960  	7.668370 
1600.000000  	7.589532 
1651.646451  	7.631986 
1704.131450  	7.494229 
1757.379868  	7.570105 
1811.324377  	7.561639 
1865.904606  	7.607579 
1921.066371  	7.669969 
1976.760987  	7.670631 
2032.944662  	7.764584 
2089.577948  	7.670222 
2146.625258  	7.674197 
2204.054446  	7.563821 
2261.836422  	7.648786 
2319.944827  	7.742448 
2378.355735  	7.770909 
2008.621418  	7.608515 
1953.835203  	7.871199 
1899.625226  	7.598106 
1846.042253  	7.721048 
1793.142493  	8.004048 
1740.988225  	7.503614 
1689.648484  	7.732106 
1639.199805  	7.686543 
1589.727021  	7.722999 
1541.324106  	7.784626 
1494.095044  	7.708099 
1448.154688  	7.846827 
1403.629581  	7.874129 
1360.658664  	7.707193 
1319.393800  	7.844407 
1280.000000  	7.671051 
1242.655222  	7.629090 
1207.549585  	7.679689 
1174.883824  	7.567589 
1144.866804  	7.656356 
1117.711949  	7.705444 
1093.632479  	7.720242 
1072.835495  	7.781011 
1055.515040  	7.707050 
1041.844518  	7.578193 
1031.968992  	7.688631 
1025.998051  	7.658467 
1024.000000  	7.649334 
1025.998051  	7.514834 
1031.968992  	7.699770 
1041.844518  	7.673835 
1055.515040  	7.683480 
1072.835495  	7.764893 
1093.632479  	7.615351 
1117.711949  	7.705681 
1144.866804  	7.632736 
1174.883824  	7.683264 
1207.549585  	7.691764 
1242.655222  	7.666719 
1280.000000  	7.635058 
1319.393800  	7.664798 
1360.658664  	7.644993 
1403.629581  	7.663504 
1448.154688  	7.688290 
1494.095044  	7.674717 
1541.324106  	7.670891 
1589.727021  	7.734373 
1639.199805  	7.646759 
1689.648484  	7.684663 
1740.988225  	7.490956 
1793.142493  	7.632353 
1846.042253  	7.686260 
1899.625226  	7.558034 
1953.835203  	7.741852 
2008.621418  	7.753735 
2063.937984  	7.889862 
2119.743381  	7.697767 
2176.000000  	7.717207 
2232.673733  	7.552945 
2289.733609  	7.647882 
2347.151465  	7.816005 
2404.901661  	7.900392 
2041.991185  	7.435816 
1988.124745  	7.567071 
1934.875707  	7.707351 
1882.296470  	7.671166 
1830.444755  	7.664224 
1779.384163  	7.667454 
1729.184779  	7.687593 
1679.923808  	7.701957 
1631.686244  	7.788172 
1584.565556  	7.699424 
1538.664356  	7.598423 
1494.095044  	7.887520 
1450.980358  	7.104395 
1409.453795  	7.490988 
1369.659812  	7.609905 
1331.753731  	7.656699 
1295.901231  	7.716170 
1262.277307  	7.735587 
1231.064580  	7.822268 
1202.450831  	7.840207 
1176.625684  	7.830167 
1153.776408  	7.652149 
1134.082889  	7.775503 
1117.711949  	7.646229 
1104.811296  	7.593334 
1095.503537  	7.684791 
1089.880727  	7.550656 
1088.000000  	7.534623 
1089.880727  	7.448271 
1095.503537  	7.670897 
1104.811296  	7.582105 
1117.711949  	7.732243 
1134.082889  	7.729182 
1153.776408  	7.684874 
1176.625684  	7.712732 
1202.450831  	7.738661 
1231.064580  	7.713190 
1262.277307  	7.646736 
1295.901231  	7.560142 
1331.753731  	7.594306 
1369.659812  	7.694241 
1409.453795  	7.704618 
1450.980358  	7.692577 
1494.095044  	7.670044 
1538.664356  	7.604808 
1584.565556  	7.720760 
1631.686244  	7.639995 
1679.923808  	7.656295 
1729.184779  	7.530486 
1779.384163  	7.572461 
1830.444755  	7.822722 
1882.296470  	7.764956 
1934.875707  	7.633763 
1988.124745  	7.619395 
2041.991185  	7.805255 
2096.427437  	7.709513 
2151.390248  	7.875444 
2206.840275  	7.644368 
2262.741700  	7.699902 
2319.061879  	7.752884 
2375.771033  	7.949349 
2432.841960  	7.619967 
2076.797535  	8.182545 
2023.857703  	7.606857 
1971.573990  	7.925276 
1920.000000  	7.771325 
1869.194479  	7.667148 
1819.221812  	7.738846 
1770.152536  	7.498311 
1722.063878  	7.723961 
1675.040298  	7.880091 
1629.174024  	7.744677 
1584.565556  	7.657179 
1541.324106  	7.616150 
1499.567938  	7.177411 
1459.424544  	7.611103 
1421.030612  	7.591975 
1384.531690  	7.909050 
1350.081479  	7.678290 
1317.840658  	7.741176 
1287.975155  	7.737763 
1260.653799  	7.938911 
1236.045307  	7.831862 
1214.314622  	7.747564 
1195.618668  	7.566871 
1180.101691  	7.545463 
1167.890406  	7.492388 
1159.089298  	7.709853 
1153.776408  	7.582033 
1152.000000  	7.349486 
1153.776408  	7.729304 
1159.089298  	7.596094 
1167.890406  	7.759816 
1180.101691  	7.758890 
1195.618668  	7.912385 
1214.314622  	7.785949 
1236.045307  	7.482730 
1260.653799  	7.552099 
1287.975155  	7.743607 
1317.840658  	7.724584 
1350.081479  	7.779033 
1384.531690  	7.790588 
1421.030612  	7.765205 
1459.424544  	7.653739 
1499.567938  	7.707697 
1541.324106  	7.689064 
1584.565556  	7.522688 
1629.174024  	7.677349 
1675.040298  	7.743536 
1722.063878  	7.762181 
1770.152536  	7.750860 
1819.221812  	7.581793 
1869.194479  	7.682345 
1920.000000  	7.707311 
1971.573990  	7.547297 
2023.857703  	7.697495 
2076.797535  	7.855872 
2130.344573  	7.796026 
2184.454165  	7.928599 
2239.085528  	7.883726 
2294.201386  	7.520375 
2349.767648  	7.684235 
2405.753105  	7.775992 
2462.129160  	7.722593 
2112.969474  	7.831061 
2060.959000  	7.704450 
2009.640764  	7.785101 
1959.069167  	7.586959 
1909.303538  	7.634466 
1860.408557  	7.736592 
1812.454689  	7.736865 
1765.518621  	7.635082 
1719.683692  	7.521896 
1675.040298  	7.539905 
1631.686244  	7.826183 
1589.727021  	7.802010 
1549.275960  	7.559007 
1510.454236  	7.700356 
1473.390647  	7.522976 
1438.221123  	7.531102 
1405.087898  	7.706956 
1374.138275  	7.542585 
1345.522947  	7.650004 
1319.393800  	7.809999 
1295.901231  	7.842136 
1275.190966  	7.757691 
1257.400493  	7.581475 
1242.655222  	7.735940 
1231.064580  	7.558440 
1222.718283  	7.573094 
1217.683046  	7.706075 
1216.000000  	7.593874 
1217.683046  	7.675010 
1222.718283  	7.644204 
1231.064580  	7.768100 
1242.655222  	7.705801 
1257.400493  	7.667600 
1275.190966  	7.747663 
1295.901231  	7.317076 
1319.393800  	7.440339 
1345.522947  	7.478498 
1374.138275  	7.588024 
1405.087898  	7.702468 
1438.221123  	7.594320 
1473.390647  	7.520882 
1510.454236  	7.703503 
1549.275960  	7.751681 
1589.727021  	7.666504 
1631.686244  	7.631474 
1675.040298  	7.817569 
1719.683692  	7.651619 
1765.518621  	7.706166 
1812.454689  	7.691479 
1860.408557  	7.577721 
1909.303538  	7.643673 
1959.069167  	7.692868 
2009.640764  	7.682407 
2060.959000  	7.897560 
2112.969474  	7.631220 
2165.622312  	7.850087 
2218.871785  	7.762664 
2272.675956  	8.074966 
2326.996347  	7.792162 
2381.797640  	7.507764 
2437.047394  	7.861790 
2492.715788  	7.631673 
2150.438095  	7.701618 
2099.356092  	7.768782 
2048.999756  	7.785696 
1999.423917  	7.860045 
1950.688084  	7.285381 
1902.856800  	7.771971 
1856.000000  	7.609896 
1810.193360  	7.602404 
1765.518621  	7.661636 
1722.063878  	7.850853 
1679.923808  	7.867425 
1639.199805  	7.641730 
1600.000000  	7.538456 
1562.439119  	7.612607 
1526.638137  	7.593915 
1492.723685  	7.695840 
1460.827163  	7.711184 
1431.083506  	7.836540 
1403.629581  	7.489934 
1378.602191  	7.746505 
1356.135686  	7.754079 
1336.359233  	7.734448 
1319.393800  	7.712073 
1305.348995  	7.786716 
1294.319899  	7.484503 
1286.384080  	7.617603 
1281.599001  	7.805737 
1280.000000  	7.857187 
1281.599001  	7.858369 
1286.384080  	7.620481 
1294.319899  	7.722367 
1305.348995  	7.786839 
1319.393800  	7.567884 
1336.359233  	7.706784 
1356.135686  	7.705238 
1378.602191  	7.746352 
1403.629581  	7.560918 
1431.083506  	7.649806 
1460.827163  	7.730718 
1492.723685  	7.587206 
1526.638137  	7.658621 
1562.439119  	7.583784 
1600.000000  	7.653078 
1639.199805  	7.666103 
1679.923808  	7.562157 
1722.063878  	7.502518 
1765.518621  	7.573745 
1810.193360  	7.547837 
1856.000000  	7.734055 
1902.856800  	7.701466 
1950.688084  	7.721797 
1999.423917  	7.387488 
2048.999756  	7.718867 
2099.356092  	7.568004 
2150.438095  	7.792247 
2202.195268  	7.426584 
2254.581114  	7.996580 
2307.552816  	8.007498 
2361.070943  	7.608153 
2415.099170  	7.817731 
2469.604017  	7.939885 
2524.554614  	7.758680 
2189.136816  	7.669524 
2138.979196  	7.557195 
2089.577948  	7.883661 
2040.987996  	7.952802 
1993.268672  	7.387472 
1946.484010  	7.665856 
1900.703028  	7.833824 
1856.000000  	7.659537 
1812.454689  	7.730662 
1770.152536  	7.558720 
1729.184779  	7.662763 
1689.648484  	7.559193 
1651.646451  	7.742201 
1615.286971  	7.751777 
1580.683397  	7.778692 
1547.953488  	7.858402 
1517.218508  	7.692172 
1488.602029  	7.830511 
1462.228436  	7.774510 
1438.221123  	7.547419 
1416.700392  	7.887828 
1397.781099  	7.678962 
1381.570121  	7.679810 
1368.163733  	7.484097 
1357.645020  	7.604250 
1350.081479  	7.493680 
1345.522947  	7.850336 
1344.000000  	7.911831 
1345.522947  	7.578757 
1350.081479  	7.631818 
1357.645020  	7.507711 
1368.163733  	7.780199 
1381.570121  	7.978760 
1397.781099  	7.766855 
1416.700392  	7.542914 
1438.221123  	7.493424 
1462.228436  	7.595438 
1488.602029  	7.699692 
1517.218508  	7.671435 
1547.953488  	7.655106 
1580.683397  	7.740221 
1615.286971  	7.835480 
1651.646451  	7.546209 
1689.648484  	7.532920 
1729.184779  	7.674519 
1770.152536  	7.667199 
1812.454689  	7.392132 
1856.000000  	7.645746 
1900.703028  	8.014305 
1946.484010  	7.771944 
1993.268672  	7.950587 
2040.987996  	7.931757 
2089.577948  	7.500728 
2138.979196  	7.706227 
2189.136816  	7.786232 
2240.000000  	7.677127 
2291.521765  	7.620772 
2343.658678  	7.681095 
2396.370589  	7.647639 
2449.620379  	7.390852 
2503.373724  	7.883488 
2557.598874  	7.814229 
2229.001570  	7.544973 
2179.761455  	7.416049 
2131.305703  	7.601662 
2083.689036  	7.898728 
2036.970299  	7.765979 
1991.212696  	7.951592 
1946.484010  	7.926107 
1902.856800  	8.077156 
1860.408557  	7.615624 
1819.221812  	7.597333 
1779.384163  	7.828457 
1740.988225  	7.797504 
1704.131450  	7.467661 
1668.915816  	7.636922 
1635.447339  	7.645381 
1603.835403  	7.983374 
1574.191856  	7.932818 
1546.629885  	7.990644 
1521.262633  	7.997628 
1498.201589  	7.891258 
1477.554737  	7.783784 
1459.424544  	7.660539 
1443.905814  	7.867631 
1431.083506  	7.592204 
1421.030612  	8.069644 
1413.806210  	7.823097 
1409.453795  	7.616418 
1408.000000  	7.777841 
1409.453795  	7.660210 
1413.806210  	7.770259 
1421.030612  	7.922577 
1431.083506  	7.690207 
1443.905814  	7.373138 
1459.424544  	7.559532 
1477.554737  	7.991613 
1498.201589  	7.666820 
1521.262633  	7.931589 
1546.629885  	7.657414 
1574.191856  	7.659243 
1603.835403  	7.633158 
1635.447339  	7.745545 
1668.915816  	7.873266 
1704.131450  	7.618239 
1740.988225  	7.530470 
1779.384163  	7.755147 
1819.221812  	7.727501 
1860.408557  	7.666342 
1902.856800  	7.754341 
1946.484010  	8.015559 
1991.212696  	7.906401 
2036.970299  	7.789721 
2083.689036  	7.858013 
2131.305703  	7.492685 
2179.761455  	7.655127 
2229.001570  	7.723843 
2278.975208  	7.766781 
2329.635165  	7.720563 
2380.937630  	7.874392 
2432.841960  	7.798651 
2485.310443  	7.785538 
2538.308098  	8.110675 
2591.802462  	7.564432 
2269.970925  	8.090782 
2221.639035  	7.919287 
2174.116832  	7.664656 
2127.458578  	7.514994 
2081.722364  	7.844579 
2036.970299  	7.948841 
1993.268672  	7.730128 
1950.688084  	7.815741 
1909.303538  	7.701427 
1869.194479  	7.444716 
1830.444755  	7.523615 
1793.142493  	7.582451 
1757.379868  	7.704493 
1723.252738  	7.608294 
1690.860136  	7.564231 
1660.303587  	7.548980 
1631.686244  	7.947239 
1605.111834  	7.677349 
1580.683397  	7.875611 
1558.501845  	7.676898 
1538.664356  	7.824336 
1521.262633  	7.582014 
1506.381094  	7.963002 
1494.095044  	7.743737 
1484.468929  	7.791070 
1477.554737  	7.940293 
1473.390647  	7.714767 
1472.000000  	7.920596 
1473.390647  	7.605776 
1477.554737  	7.847084 
1484.468929  	7.714919 
1494.095044  	7.510938 
1506.381094  	7.926008 
1521.262633  	7.964995 
1538.664356  	7.878458 
1558.501845  	7.969650 
1580.683397  	7.750668 
1605.111834  	7.627819 
1631.686244  	7.600234 
1660.303587  	7.829974 
1690.860136  	7.672391 
1723.252738  	7.754720 
1757.379868  	7.792806 
1793.142493  	7.742294 
1830.444755  	7.443216 
1869.194479  	7.487757 
1909.303538  	7.895801 
1950.688084  	7.807386 
1993.268672  	7.639844 
2036.970299  	7.727568 
2081.722364  	8.032215 
2127.458578  	7.830611 
2174.116832  	7.796705 
2221.639035  	7.620502 
2269.970925  	7.781320 
2319.061879  	8.014765 
2368.864707  	7.801380 
2419.335446  	7.754716 
2470.433160  	7.673320 
2522.119743  	7.704348 
2574.359726  	8.137987 
2627.120096  	7.555964 
